<?xml version="1.0" encoding="utf-8"?>
<COLLADA xmlns="http://www.collada.org/2005/11/COLLADASchema" version="1.4.1">
  <asset><contributor><author>Mixamo</author><authoring_tool>COLLADA Mixamo exporter</authoring_tool><comments></comments></contributor><created>2018-11-01T18:47:08Z</created><modified>2018-11-01T18:47:08Z</modified><revision></revision><title></title><unit meter="0.010000"/><up_axis>Y_UP</up_axis></asset>
  <library_animations>
    <animation id="Hips-anim" name="Hips"><source id="Hips-Matrix-animation-input"><float_array id="Hips-Matrix-animation-input-array" count="65">

0.000000 0.033333 0.066667 0.100000 0.133333 0.166667 0.200000 0.233333 0.266667 0.300000 0.333333 0.366667 0.400000 0.433333 0.466667 0.500000
0.533333 0.566667 0.600000 0.633333 0.666667 0.700000 0.733333 0.766667 0.800000 0.833333 0.866667 0.900000 0.933333 0.966667 1.000000 1.033333
1.066667 1.100000 1.133333 1.166667 1.200000 1.233333 1.266667 1.300000 1.333333 1.366667 1.400000 1.433333 1.466667 1.500000 1.533333 1.566667
1.600000 1.633333 1.666667 1.700000 1.733333 1.766667 1.800000 1.833333 1.866667 1.900000 1.933333 1.966667 2.000000 2.033333 2.066667 2.100000
2.133333</float_array><technique_common><accessor source="#Hips-Matrix-animation-input-array" count="65"><param name="TIME" type="float"/></accessor></technique_common></source><source id="Hips-Matrix-animation-output-transform"><float_array id="Hips-Matrix-animation-output-transform-array" count="1040">

0.845681 -0.047424 -0.531578 -0.584841 0.243594 0.920538 0.305405 179.062027 0.474854 -0.387764 0.790034 0.533262 0.000000 0.000000 0.000000 1.000000
0.854919 -0.055234 -0.515813 -0.391190 0.220011 0.939068 0.264094 178.162201 0.469797 -0.339263 0.814979 5.565635 0.000000 0.000000 0.000000 1.000000
0.870017 -0.068997 -0.488171 -0.262629 0.195126 0.957498 0.212424 176.336151 0.452766 -0.280067 0.846502 10.728440 0.000000 0.000000 0.000000 1.000000
0.891035 -0.086370 -0.445642 -0.160147 0.169851 0.973853 0.150865 173.284683 0.420960 -0.210119 0.882407 16.076630 0.000000 0.000000 0.000000 1.000000
0.915052 -0.102728 -0.390035 -0.035959 0.144913 0.986186 0.080234 168.923538 0.376405 -0.129939 0.917298 21.644415 0.000000 0.000000 0.000000 1.000000
0.936937 -0.114190 -0.330318 0.120081 0.122225 0.992496 0.003585 163.386032 0.327430 -0.043732 0.943863 27.434088 0.000000 0.000000 0.000000 1.000000
0.952596 -0.119900 -0.279616 0.282182 0.103845 0.992013 -0.071598 156.815506 0.285967 0.039167 0.957439 33.424232 0.000000 0.000000 0.000000 1.000000
0.961203 -0.120778 -0.247995 0.436846 0.088920 0.986723 -0.135908 149.286606 0.261117 0.108583 0.959181 39.575474 0.000000 0.000000 0.000000 1.000000
0.964746 -0.117015 -0.235738 0.595092 0.073570 0.979919 -0.185329 140.916092 0.252690 0.161453 0.953982 45.812023 0.000000 0.000000 0.000000 1.000000
0.965906 -0.107406 -0.235563 0.765521 0.054146 0.973569 -0.221884 131.936798 0.253169 0.201564 0.946191 52.032745 0.000000 0.000000 0.000000 1.000000
0.966096 -0.092067 -0.241210 0.953895 0.031264 0.969101 -0.244676 122.468224 0.256284 0.228839 0.939123 58.186741 0.000000 0.000000 0.000000 1.000000
0.965613 -0.075826 -0.248679 1.195024 0.011852 0.968367 -0.249249 112.283852 0.259712 0.237731 0.935967 64.237564 0.000000 0.000000 0.000000 1.000000
0.966416 -0.067608 -0.247932 1.543131 0.004929 0.969473 -0.245150 101.168770 0.256937 0.235694 0.937247 69.896179 0.000000 0.000000 0.000000 1.000000
0.971858 -0.075464 -0.223151 1.996935 0.014384 0.964541 -0.263540 89.409462 0.235127 0.252914 0.938483 74.547729 0.000000 0.000000 0.000000 1.000000
0.980308 -0.094069 -0.173628 2.537372 0.032251 0.943710 -0.329198 77.680046 0.194822 0.317116 0.928161 77.758141 0.000000 0.000000 0.000000 1.000000
0.985843 -0.116103 -0.120967 3.294560 0.052791 0.899705 -0.433294 67.031349 0.159141 0.420774 0.893097 79.896492 0.000000 0.000000 0.000000 1.000000
0.985915 -0.141930 -0.088472 3.949447 0.070429 0.832128 -0.550094 58.676041 0.151695 0.536115 0.830403 82.029572 0.000000 0.000000 0.000000 1.000000
0.981850 -0.171792 -0.080360 4.734472 0.075609 0.743135 -0.664856 53.172150 0.173935 0.646713 0.742637 85.095474 0.000000 0.000000 0.000000 1.000000
0.973731 -0.212343 -0.082207 5.461251 0.072129 0.630088 -0.773166 50.315739 0.215974 0.746927 0.628853 89.594757 0.000000 0.000000 0.000000 1.000000
0.960895 -0.263037 -0.086555 5.917091 0.053889 0.484224 -0.873283 49.192719 0.271618 0.834469 0.479464 95.920029 0.000000 0.000000 0.000000 1.000000
0.943585 -0.316846 -0.096207 5.949256 -0.000380 0.289505 -0.957176 48.921310 0.331130 0.903214 0.273052 104.503731 0.000000 0.000000 0.000000 1.000000
0.921469 -0.371429 -0.113737 5.484200 -0.105325 0.042929 -0.993511 48.788654 0.373901 0.927469 0.000437 115.424362 0.000000 0.000000 0.000000 1.000000
0.890214 -0.433154 -0.141055 4.505764 -0.252029 -0.210371 -0.944577 48.295658 0.379473 0.876426 -0.296442 128.056259 0.000000 0.000000 0.000000 1.000000
0.844516 -0.504646 -0.179235 3.109357 -0.415157 -0.405517 -0.814372 47.076248 0.338286 0.762161 -0.551972 141.169434 0.000000 0.000000 0.000000 1.000000
0.787140 -0.579720 -0.210561 1.506447 -0.560829 -0.530667 -0.635503 45.241779 0.256676 0.618318 -0.742832 153.606308 0.000000 0.000000 0.000000 1.000000
0.728974 -0.652235 -0.207816 -0.034867 -0.668428 -0.612739 -0.421610 42.872845 0.147652 0.446252 -0.882643 164.715134 0.000000 0.000000 0.000000 1.000000
0.678949 -0.714382 -0.169369 -1.227790 -0.734136 -0.657913 -0.167915 39.863171 0.008526 0.238345 -0.971143 174.580811 0.000000 0.000000 0.000000 1.000000
0.645584 -0.753105 -0.126706 -2.067100 -0.744052 -0.657649 0.117835 35.509880 -0.172070 0.018204 -0.984916 183.845657 0.000000 0.000000 0.000000 1.000000
0.637368 -0.763518 -0.103933 -2.835073 -0.676921 -0.619241 0.397893 29.229063 -0.368159 -0.183250 -0.911526 192.528458 0.000000 0.000000 0.000000 1.000000
0.656128 -0.746408 -0.111227 -3.795794 -0.523049 -0.556040 0.645941 22.101669 -0.543982 -0.365642 -0.755241 200.128082 0.000000 0.000000 0.000000 1.000000
0.689068 -0.709547 -0.147405 -5.044934 -0.292518 -0.458419 0.839217 16.440794 -0.663038 -0.535159 -0.523437 206.313675 0.000000 0.000000 0.000000 1.000000
0.718191 -0.664158 -0.207598 -6.381033 -0.022915 -0.320750 0.946887 13.495285 -0.695469 -0.675288 -0.245579 211.313995 0.000000 0.000000 0.000000 1.000000
0.735484 -0.618826 -0.275895 -7.527617 0.223592 -0.162709 0.961006 12.343084 -0.639586 -0.768492 0.018695 215.808853 0.000000 0.000000 0.000000 1.000000
0.747212 -0.571312 -0.339524 -8.269534 0.415386 0.002689 0.909641 11.945115 -0.518776 -0.820728 0.239324 220.207016 0.000000 0.000000 0.000000 1.000000
0.754156 -0.523722 -0.396187 -8.505397 0.555109 0.186073 0.810698 12.267672 -0.350861 -0.831319 0.431051 224.522919 0.000000 0.000000 0.000000 1.000000
0.744745 -0.492168 -0.450694 -8.276619 0.649815 0.381027 0.657692 13.638395 -0.151969 -0.782681 0.603586 228.623947 0.000000 0.000000 0.000000 1.000000
0.718014 -0.481967 -0.502159 -7.776750 0.693799 0.553305 0.460974 16.013220 0.055673 -0.679383 0.731669 232.705276 0.000000 0.000000 0.000000 1.000000
0.694628 -0.469463 -0.545065 -7.262700 0.676993 0.682827 0.274639 18.889570 0.243252 -0.559777 0.792135 237.446060 0.000000 0.000000 0.000000 1.000000
0.691255 -0.426475 -0.583340 -6.896724 0.609222 0.778086 0.153074 21.663387 0.388607 -0.461196 0.797674 243.378433 0.000000 0.000000 0.000000 1.000000
0.697786 -0.353047 -0.623259 -6.691501 0.520946 0.847319 0.103272 24.094902 0.491640 -0.396746 0.775166 250.125076 0.000000 0.000000 0.000000 1.000000
0.693101 -0.273454 -0.666958 -6.650103 0.440682 0.892953 0.091843 26.516758 0.570447 -0.357573 0.739413 256.667267 0.000000 0.000000 0.000000 1.000000
0.671892 -0.209536 -0.710392 -6.738750 0.377247 0.922224 0.084785 29.510820 0.637375 -0.324959 0.698681 262.345428 0.000000 0.000000 0.000000 1.000000
0.644816 -0.165570 -0.746189 -6.864276 0.324924 0.943031 0.071535 33.196491 0.691835 -0.288582 0.661879 267.043365 0.000000 0.000000 0.000000 1.000000
0.625803 -0.133759 -0.768426 -6.856869 0.278727 0.958485 0.060152 37.359791 0.728479 -0.251825 0.637105 270.937561 0.000000 0.000000 0.000000 1.000000
0.622760 -0.109689 -0.774686 -6.587221 0.242634 0.968386 0.057935 41.910076 0.743840 -0.224045 0.629687 274.156830 0.000000 0.000000 0.000000 1.000000
0.631705 -0.091308 -0.769813 -6.139061 0.216212 0.974385 0.061851 46.792591 0.744447 -0.205515 0.635266 276.764465 0.000000 0.000000 0.000000 1.000000
0.645040 -0.077221 -0.760237 -5.627471 0.195679 0.978401 0.066648 51.822441 0.738670 -0.191753 0.646218 278.865417 0.000000 0.000000 0.000000 1.000000
0.658771 -0.065715 -0.749468 -5.093832 0.177967 0.981517 0.070368 56.587570 0.730992 -0.179737 0.658290 280.805267 0.000000 0.000000 0.000000 1.000000
0.672592 -0.055203 -0.737951 -4.554367 0.161337 0.984164 0.073427 60.634930 0.722212 -0.168445 0.670847 282.980804 0.000000 0.000000 0.000000 1.000000
0.686771 -0.045128 -0.725471 -4.025472 0.145388 0.986430 0.076272 63.730537 0.712185 -0.157856 0.684013 285.477936 0.000000 0.000000 0.000000 1.000000
0.700714 -0.036011 -0.712533 -3.532258 0.130849 0.988271 0.078732 65.980957 0.701340 -0.148403 0.697208 287.908722 0.000000 0.000000 0.000000 1.000000
0.713682 -0.027349 -0.699936 -3.092933 0.116954 0.989864 0.080572 67.651329 0.690637 -0.139363 0.709647 289.822662 0.000000 0.000000 0.000000 1.000000
0.724913 -0.018478 -0.688592 -2.788420 0.102845 0.991339 0.081667 69.044113 0.681119 -0.130020 0.720535 291.084473 0.000000 0.000000 0.000000 1.000000
0.732668 -0.008585 -0.680533 -2.656607 0.087366 0.992834 0.081535 70.266296 0.674956 -0.119194 0.728167 291.959717 0.000000 0.000000 0.000000 1.000000
0.734604 0.002414 -0.678492 -2.653986 0.070120 0.994369 0.079457 71.276688 0.674863 -0.105946 0.730298 292.708710 0.000000 0.000000 0.000000 1.000000
0.731165 0.010954 -0.682113 -2.691767 0.055797 0.995561 0.075797 72.115288 0.679915 -0.093480 0.727308 293.295959 0.000000 0.000000 0.000000 1.000000
0.727565 0.017859 -0.685806 -2.715819 0.043874 0.996403 0.072493 72.810776 0.684634 -0.082832 0.724165 293.736298 0.000000 0.000000 0.000000 1.000000
0.727375 0.024105 -0.685816 -2.706384 0.033952 0.996895 0.071048 73.340134 0.685400 -0.074963 0.724298 294.083221 0.000000 0.000000 0.000000 1.000000
0.728198 0.030042 -0.684708 -2.684409 0.025693 0.997140 0.071075 73.706970 0.684885 -0.069349 0.725343 294.403320 0.000000 0.000000 0.000000 1.000000
0.727138 0.034695 -0.685614 -2.655145 0.019856 0.997241 0.071524 73.930649 0.686204 -0.065621 0.724443 294.706116 0.000000 0.000000 0.000000 1.000000
0.725909 0.037674 -0.686759 -2.595686 0.016462 0.997261 0.072108 74.034248 0.687594 -0.063649 0.723300 294.968842 0.000000 0.000000 0.000000 1.000000
0.727433 0.040079 -0.685007 -2.488065 0.013836 0.997233 0.073040 74.046562 0.686039 -0.062609 0.724866 295.183929 0.000000 0.000000 0.000000 1.000000
0.730845 0.043044 -0.681184 -2.342055 0.010478 0.997184 0.074253 74.006157 0.682463 -0.061405 0.728337 295.358490 0.000000 0.000000 0.000000 1.000000
0.732740 0.046466 -0.678920 -2.182802 0.006647 0.997130 0.075418 73.953423 0.680476 -0.059775 0.730329 295.497040 0.000000 0.000000 0.000000 1.000000
0.731545 0.049628 -0.679985 -2.027732 0.003412 0.997068 0.076441 73.914680 0.681785 -0.058240 0.729231 295.603912 0.000000 0.000000 0.000000 1.000000</float_array><technique_common><accessor source="#Hips-Matrix-animation-output-transform-array" count="65" stride="16"><param type="float4x4"/></accessor></technique_common></source><source id="Hips-Interpolations"><Name_array id="Hips-Interpolations-array" count="65">
 LINEAR LINEAR LINEAR LINEAR LINEAR LINEAR LINEAR LINEAR LINEAR LINEAR LINEAR
LINEAR LINEAR LINEAR LINEAR LINEAR LINEAR LINEAR LINEAR LINEAR LINEAR LINEAR LINEAR
LINEAR LINEAR LINEAR LINEAR LINEAR LINEAR LINEAR LINEAR LINEAR LINEAR LINEAR LINEAR
LINEAR LINEAR LINEAR LINEAR LINEAR LINEAR LINEAR LINEAR LINEAR LINEAR LINEAR LINEAR
LINEAR LINEAR LINEAR LINEAR LINEAR LINEAR LINEAR LINEAR LINEAR LINEAR LINEAR LINEAR
LINEAR LINEAR LINEAR LINEAR LINEAR LINEAR</Name_array><technique_common><accessor source="#Hips-Interpolations-array" count="65"><param type="name"/></accessor></technique_common></source><sampler id="Hips-Matrix-animation-transform"><input semantic="INPUT" source="#Hips-Matrix-animation-input"/><input semantic="OUTPUT" source="#Hips-Matrix-animation-output-transform"/><input semantic="INTERPOLATION" source="#Hips-Interpolations"/></sampler><channel source="#Hips-Matrix-animation-transform" target="Hips/matrix"/></animation>
    <animation id="Spine-anim" name="Spine"><source id="Spine-Matrix-animation-input"><float_array id="Spine-Matrix-animation-input-array" count="65">

0.000000 0.033333 0.066667 0.100000 0.133333 0.166667 0.200000 0.233333 0.266667 0.300000 0.333333 0.366667 0.400000 0.433333 0.466667 0.500000
0.533333 0.566667 0.600000 0.633333 0.666667 0.700000 0.733333 0.766667 0.800000 0.833333 0.866667 0.900000 0.933333 0.966667 1.000000 1.033333
1.066667 1.100000 1.133333 1.166667 1.200000 1.233333 1.266667 1.300000 1.333333 1.366667 1.400000 1.433333 1.466667 1.500000 1.533333 1.566667
1.600000 1.633333 1.666667 1.700000 1.733333 1.766667 1.800000 1.833333 1.866667 1.900000 1.933333 1.966667 2.000000 2.033333 2.066667 2.100000
2.133333</float_array><technique_common><accessor source="#Spine-Matrix-animation-input-array" count="65"><param name="TIME" type="float"/></accessor></technique_common></source><source id="Spine-Matrix-animation-output-transform"><float_array id="Spine-Matrix-animation-output-transform-array" count="1040">

0.997453 0.070555 -0.010481 0.009000 -0.070892 0.964331 -0.255028 7.062600 -0.007886 0.255121 0.966877 -0.984700 0.000000 0.000000 0.000000 1.000000
0.998479 0.053732 -0.012328 0.009000 -0.055109 0.966968 -0.248869 7.062600 -0.001451 0.249170 0.968459 -0.984700 0.000000 0.000000 0.000000 1.000000
0.999060 0.040651 -0.015027 0.009000 -0.043066 0.970064 -0.239001 7.062600 0.004862 0.239424 0.970903 -0.984700 0.000000 0.000000 0.000000 1.000000
0.999342 0.031136 -0.018598 0.009000 -0.034523 0.973805 -0.224747 7.062600 0.011114 0.225242 0.974240 -0.984700 0.000000 0.000000 0.000000 1.000000
0.999481 0.023590 -0.021955 0.009000 -0.027604 0.978258 -0.205546 7.062600 0.016629 0.206045 0.978401 -0.984700 0.000000 0.000000 0.000000 1.000000
0.999568 0.017420 -0.023693 0.009000 -0.021444 0.983089 -0.181871 7.062600 0.020124 0.182300 0.983037 -0.984700 0.000000 0.000000 0.000000 1.000000
0.999648 0.013710 -0.022704 0.009000 -0.017081 0.987664 -0.155652 7.062600 0.020290 0.155985 0.987551 -0.984700 0.000000 0.000000 0.000000 1.000000
0.999757 0.012834 -0.017945 0.009000 -0.015056 0.991434 -0.129736 7.062600 0.016127 0.129974 0.991386 -0.984700 0.000000 0.000000 0.000000 1.000000
0.999875 0.012926 -0.009066 0.009000 -0.013822 0.994174 -0.106898 7.062600 0.007632 0.107010 0.994229 -0.984700 0.000000 0.000000 0.000000 1.000000
0.999934 0.011197 0.002514 0.009000 -0.010927 0.995935 -0.089405 7.062600 -0.003505 0.089371 0.995992 -0.984700 0.000000 0.000000 0.000000 1.000000
0.999882 0.006461 0.013969 0.009000 -0.005344 0.996894 -0.078571 7.062600 -0.014433 0.078487 0.996811 -0.984700 0.000000 0.000000 0.000000 1.000000
0.999743 0.000373 0.022666 0.009000 0.001298 0.997281 -0.073680 7.062600 -0.022631 0.073691 0.997024 -0.984700 0.000000 0.000000 0.000000 1.000000
0.999636 -0.003534 0.026752 0.009000 0.005452 0.997392 -0.071974 7.062600 -0.026427 0.072093 0.997048 -0.984700 0.000000 0.000000 0.000000 1.000000
0.999702 -0.001689 0.024351 0.009000 0.003412 0.997480 -0.070864 7.062600 -0.024170 0.070926 0.997189 -0.984700 0.000000 0.000000 0.000000 1.000000
0.999849 0.000739 0.017333 0.009000 0.000468 0.997579 -0.069545 7.062600 -0.017343 0.069543 0.997428 -0.984700 0.000000 0.000000 0.000000 1.000000
0.999974 -0.000033 0.007227 0.009000 0.000534 0.997600 -0.069235 7.062600 -0.007208 0.069237 0.997574 -0.984700 0.000000 0.000000 0.000000 1.000000
0.999976 -0.003702 -0.005835 0.009000 0.003268 0.997352 -0.072653 7.062600 0.006089 0.072632 0.997340 -0.984700 0.000000 0.000000 0.000000 1.000000
0.999738 -0.015014 -0.017252 0.009000 0.013552 0.996545 -0.081943 7.062600 0.018423 0.081687 0.996488 -0.984700 0.000000 0.000000 0.000000 1.000000
0.999219 -0.029639 -0.026114 0.009000 0.027023 0.995073 -0.095390 7.062600 0.028813 0.094609 0.995097 -0.984700 0.000000 0.000000 0.000000 1.000000
0.998571 -0.042388 -0.032558 0.009000 0.038644 0.993391 -0.108079 7.062600 0.036924 0.106667 0.993609 -0.984700 0.000000 0.000000 0.000000 1.000000
0.998042 -0.051818 -0.035020 0.009000 0.047413 0.992041 -0.116643 7.062600 0.040785 0.114755 0.992556 -0.984700 0.000000 0.000000 0.000000 1.000000
0.997824 -0.058162 -0.031042 0.009000 0.053982 0.991090 -0.121766 7.062600 0.037847 0.119826 0.992073 -0.984700 0.000000 0.000000 0.000000 1.000000
0.997962 -0.060026 -0.021637 0.009000 0.056812 0.990282 -0.126939 7.062600 0.029047 0.125451 0.991674 -0.984700 0.000000 0.000000 0.000000 1.000000
0.998328 -0.056908 -0.010153 0.009000 0.055016 0.989276 -0.135298 7.062600 0.017744 0.134514 0.990753 -0.984700 0.000000 0.000000 0.000000 1.000000
0.998782 -0.049009 -0.005625 0.009000 0.047679 0.988299 -0.144883 7.062600 0.012660 0.144439 0.989433 -0.984700 0.000000 0.000000 0.000000 1.000000
0.999279 -0.033275 -0.018260 0.009000 0.030198 0.988435 -0.148609 7.062600 0.022994 0.147951 0.988727 -0.984700 0.000000 0.000000 0.000000 1.000000
0.998930 -0.009556 -0.045246 0.009000 0.003014 0.989791 -0.142497 7.062600 0.046146 0.142208 0.988761 -0.984700 0.000000 0.000000 0.000000 1.000000
0.997860 0.012895 -0.064099 0.009000 -0.021260 0.991077 -0.131588 7.062600 0.061831 0.132669 0.989230 -0.984700 0.000000 0.000000 0.000000 1.000000
0.997311 0.028295 -0.067598 0.009000 -0.036508 0.991668 -0.123535 7.062600 0.063539 0.125671 0.990035 -0.984700 0.000000 0.000000 0.000000 1.000000
0.997892 0.033602 -0.055521 0.009000 -0.040015 0.992115 -0.118771 7.062600 0.051092 0.120742 0.991368 -0.984700 0.000000 0.000000 0.000000 1.000000
0.998895 0.030537 -0.035728 0.009000 -0.034389 0.993034 -0.112695 7.062600 0.032038 0.113799 0.992987 -0.984700 0.000000 0.000000 0.000000 1.000000
0.999593 0.023917 -0.015561 0.009000 -0.025439 0.994008 -0.106304 7.062600 0.012926 0.106657 0.994212 -0.984700 0.000000 0.000000 0.000000 1.000000
0.999736 0.022342 -0.005392 0.009000 -0.022788 0.994089 -0.106146 7.062600 0.002989 0.106240 0.994336 -0.984700 0.000000 0.000000 0.000000 1.000000
0.999648 0.026314 -0.003309 0.009000 -0.026520 0.993113 -0.114117 7.062600 0.000284 0.114165 0.993462 -0.984700 0.000000 0.000000 0.000000 1.000000
0.999553 0.029717 -0.003349 0.009000 -0.029903 0.991755 -0.124614 7.062600 -0.000382 0.124658 0.992200 -0.984700 0.000000 0.000000 0.000000 1.000000
0.999479 0.031959 -0.004579 0.009000 -0.032284 0.990584 -0.133044 7.062600 0.000284 0.133123 0.991100 -0.984700 0.000000 0.000000 0.000000 1.000000
0.999271 0.036805 -0.010161 0.009000 -0.037867 0.989404 -0.140167 7.062600 0.004894 0.140450 0.990076 -0.984700 0.000000 0.000000 0.000000 1.000000
0.998766 0.045085 -0.020846 0.009000 -0.047656 0.988094 -0.146285 7.062600 0.014002 0.147098 0.989023 -0.984700 0.000000 0.000000 0.000000 1.000000
0.998041 0.054376 -0.030926 0.009000 -0.058384 0.987203 -0.148398 7.062600 0.022461 0.149913 0.988444 -0.984700 0.000000 0.000000 0.000000 1.000000
0.997383 0.063955 -0.033707 0.009000 -0.068217 0.986940 -0.145929 7.062600 0.023934 0.147846 0.988721 -0.984700 0.000000 0.000000 0.000000 1.000000
0.997132 0.071614 -0.024477 0.009000 -0.074391 0.986928 -0.142965 7.062600 0.013919 0.144376 0.989425 -0.984700 0.000000 0.000000 0.000000 1.000000
0.997183 0.074494 -0.008751 0.009000 -0.074980 0.986948 -0.142520 7.062600 -0.001980 0.142775 0.989753 -0.984700 0.000000 0.000000 0.000000 1.000000
0.997182 0.074933 0.003535 0.009000 -0.073657 0.986947 -0.143216 7.062600 -0.014220 0.142552 0.989685 -0.984700 0.000000 0.000000 0.000000 1.000000
0.997082 0.075746 0.009492 0.009000 -0.073625 0.987036 -0.142617 7.062600 -0.020172 0.141502 0.989732 -0.984700 0.000000 0.000000 0.000000 1.000000
0.996834 0.078723 0.011207 0.009000 -0.076389 0.987205 -0.139969 7.062600 -0.022083 0.138670 0.990092 -0.984700 0.000000 0.000000 0.000000 1.000000
0.996669 0.080367 0.013877 0.009000 -0.077759 0.987720 -0.135512 7.062600 -0.024597 0.133981 0.990679 -0.984700 0.000000 0.000000 0.000000 1.000000
0.996687 0.079246 0.018315 0.009000 -0.076224 0.988633 -0.129592 7.062600 -0.028376 0.127767 0.991398 -0.984700 0.000000 0.000000 0.000000 1.000000
0.996820 0.075950 0.024126 0.009000 -0.072438 0.989769 -0.122927 7.062600 -0.033215 0.120788 0.992122 -0.984700 0.000000 0.000000 0.000000 1.000000
0.997021 0.069911 0.032588 0.009000 -0.065682 0.991018 -0.116487 7.062600 -0.040439 0.113999 0.992657 -0.984700 0.000000 0.000000 0.000000 1.000000
0.997127 0.061360 0.044423 0.009000 -0.056123 0.992254 -0.110822 7.062600 -0.050879 0.108011 0.992847 -0.984700 0.000000 0.000000 0.000000 1.000000
0.996916 0.053559 0.057362 0.009000 -0.047242 0.993210 -0.106315 7.062600 -0.062667 0.103277 0.992676 -0.984700 0.000000 0.000000 0.000000 1.000000
0.996519 0.048355 0.067913 0.009000 -0.041167 0.993775 -0.103519 7.062600 -0.072496 0.100363 0.992306 -0.984700 0.000000 0.000000 0.000000 1.000000
0.996206 0.045035 0.074469 0.009000 -0.037287 0.994050 -0.102342 7.062600 -0.078635 0.099177 0.991958 -0.984700 0.000000 0.000000 0.000000 1.000000
0.996084 0.041248 0.078194 0.009000 -0.033185 0.994257 -0.101748 7.062600 -0.081942 0.098755 0.991732 -0.984700 0.000000 0.000000 0.000000 1.000000
0.996074 0.035966 0.080891 0.009000 -0.027709 0.994503 -0.100980 7.062600 -0.084078 0.098342 0.991595 -0.984700 0.000000 0.000000 0.000000 1.000000
0.996019 0.033269 0.082706 0.009000 -0.024883 0.994633 -0.100425 7.062600 -0.085603 0.097967 0.991501 -0.984700 0.000000 0.000000 0.000000 1.000000
0.996051 0.031604 0.082968 0.009000 -0.023210 0.994691 -0.100253 7.062600 -0.085696 0.097931 0.991497 -0.984700 0.000000 0.000000 0.000000 1.000000
0.996179 0.030131 0.081977 0.009000 -0.021827 0.994710 -0.100374 7.062600 -0.084568 0.098201 0.991567 -0.984700 0.000000 0.000000 0.000000 1.000000
0.996304 0.028559 0.081016 0.009000 -0.020346 0.994735 -0.100444 7.062600 -0.083458 0.098425 0.991639 -0.984700 0.000000 0.000000 0.000000 1.000000
0.996352 0.027346 0.080836 0.009000 -0.019165 0.994772 -0.100303 7.062600 -0.083157 0.098388 0.991668 -0.984700 0.000000 0.000000 0.000000 1.000000
0.996358 0.026505 0.081040 0.009000 -0.018319 0.994805 -0.100133 7.062600 -0.083273 0.098284 0.991668 -0.984700 0.000000 0.000000 0.000000 1.000000
0.996391 0.025370 0.081003 0.009000 -0.017184 0.994820 -0.100193 7.062600 -0.083126 0.098439 0.991665 -0.984700 0.000000 0.000000 0.000000 1.000000
0.996452 0.023646 0.080778 0.009000 -0.015459 0.994816 -0.100513 7.062600 -0.082736 0.098907 0.991651 -0.984700 0.000000 0.000000 0.000000 1.000000
0.996486 0.021885 0.080849 0.009000 -0.013662 0.994803 -0.100898 7.062600 -0.082637 0.099438 0.991606 -0.984700 0.000000 0.000000 0.000000 1.000000
0.996464 0.020737 0.081418 0.009000 -0.012438 0.994794 -0.101148 7.062600 -0.083092 0.099778 0.991534 -0.984700 0.000000 0.000000 0.000000 1.000000</float_array><technique_common><accessor source="#Spine-Matrix-animation-output-transform-array" count="65" stride="16"><param type="float4x4"/></accessor></technique_common></source><source id="Spine-Interpolations"><Name_array id="Spine-Interpolations-array" count="65">
 LINEAR LINEAR LINEAR LINEAR LINEAR LINEAR LINEAR LINEAR LINEAR LINEAR LINEAR
LINEAR LINEAR LINEAR LINEAR LINEAR LINEAR LINEAR LINEAR LINEAR LINEAR LINEAR LINEAR
LINEAR LINEAR LINEAR LINEAR LINEAR LINEAR LINEAR LINEAR LINEAR LINEAR LINEAR LINEAR
LINEAR LINEAR LINEAR LINEAR LINEAR LINEAR LINEAR LINEAR LINEAR LINEAR LINEAR LINEAR
LINEAR LINEAR LINEAR LINEAR LINEAR LINEAR LINEAR LINEAR LINEAR LINEAR LINEAR LINEAR
LINEAR LINEAR LINEAR LINEAR LINEAR LINEAR</Name_array><technique_common><accessor source="#Spine-Interpolations-array" count="65"><param type="name"/></accessor></technique_common></source><sampler id="Spine-Matrix-animation-transform"><input semantic="INPUT" source="#Spine-Matrix-animation-input"/><input semantic="OUTPUT" source="#Spine-Matrix-animation-output-transform"/><input semantic="INTERPOLATION" source="#Spine-Interpolations"/></sampler><channel source="#Spine-Matrix-animation-transform" target="Spine/matrix"/></animation>
    <animation id="Spine1-anim" name="Spine1"><source id="Spine1-Matrix-animation-input"><float_array id="Spine1-Matrix-animation-input-array" count="65">

0.000000 0.033333 0.066667 0.100000 0.133333 0.166667 0.200000 0.233333 0.266667 0.300000 0.333333 0.366667 0.400000 0.433333 0.466667 0.500000
0.533333 0.566667 0.600000 0.633333 0.666667 0.700000 0.733333 0.766667 0.800000 0.833333 0.866667 0.900000 0.933333 0.966667 1.000000 1.033333
1.066667 1.100000 1.133333 1.166667 1.200000 1.233333 1.266667 1.300000 1.333333 1.366667 1.400000 1.433333 1.466667 1.500000 1.533333 1.566667
1.600000 1.633333 1.666667 1.700000 1.733333 1.766667 1.800000 1.833333 1.866667 1.900000 1.933333 1.966667 2.000000 2.033333 2.066667 2.100000
2.133333</float_array><technique_common><accessor source="#Spine1-Matrix-animation-input-array" count="65"><param name="TIME" type="float"/></accessor></technique_common></source><source id="Spine1-Matrix-animation-output-transform"><float_array id="Spine1-Matrix-animation-output-transform-array" count="1040">

0.992710 0.116719 -0.030048 0.012400 -0.116320 0.862549 -0.492422 8.239700 -0.031557 0.492327 0.869838 -1.148800 0.000000 0.000000 0.000000 1.000000
0.994996 0.094048 -0.033740 0.012400 -0.098648 0.870996 -0.481285 8.239700 -0.015877 0.482204 0.875915 -1.148800 0.000000 0.000000 0.000000 1.000000
0.996451 0.074577 -0.039026 0.012400 -0.084171 0.882196 -0.463298 8.239700 -0.000123 0.464939 0.885343 -1.148800 0.000000 0.000000 0.000000 1.000000
0.997314 0.057847 -0.044936 0.012400 -0.071697 0.896540 -0.437123 8.239700 0.015001 0.439170 0.898279 -1.148800 0.000000 0.000000 0.000000 1.000000
0.997771 0.043853 -0.050289 0.012400 -0.060401 0.913879 -0.401467 8.239700 0.028353 0.403610 0.914492 -1.148800 0.000000 0.000000 0.000000 1.000000
0.998009 0.033755 -0.053283 0.012400 -0.050602 0.932781 -0.356874 8.239700 0.037655 0.358860 0.932632 -1.148800 0.000000 0.000000 0.000000 1.000000
0.998273 0.029060 -0.051057 0.012400 -0.043369 0.950785 -0.306800 8.239700 0.039628 0.308485 0.950404 -1.148800 0.000000 0.000000 0.000000 1.000000
0.998755 0.029050 -0.040559 0.012400 -0.038516 0.965706 -0.256764 8.239700 0.031709 0.258007 0.965623 -1.148800 0.000000 0.000000 0.000000 1.000000
0.999333 0.029709 -0.021238 0.012400 -0.033546 0.976619 -0.212342 8.239700 0.014433 0.212913 0.976965 -1.148800 0.000000 0.000000 0.000000 1.000000
0.999647 0.026389 0.003188 0.012400 -0.025400 0.983680 -0.178123 8.239700 -0.007836 0.177979 0.984003 -1.148800 0.000000 0.000000 0.000000 1.000000
0.999492 0.017555 0.026617 0.012400 -0.013170 0.987544 -0.156793 8.239700 -0.029038 0.156363 0.987273 -1.148800 0.000000 0.000000 0.000000 1.000000
0.999004 0.005533 0.044285 0.012400 0.001039 0.989133 -0.147019 8.239700 -0.044617 0.146919 0.988142 -1.148800 0.000000 0.000000 0.000000 1.000000
0.998541 -0.005341 0.053737 0.012400 0.013010 0.989580 -0.143392 8.239700 -0.052411 0.143882 0.988206 -1.148800 0.000000 0.000000 0.000000 1.000000
0.998528 -0.011133 0.053083 0.012400 0.018525 0.989854 -0.140875 8.239700 -0.050976 0.141651 0.988603 -1.148800 0.000000 0.000000 0.000000 1.000000
0.999068 -0.011892 0.041498 0.012400 0.017531 0.990238 -0.138283 8.239700 -0.039448 0.138882 0.989523 -1.148800 0.000000 0.000000 0.000000 1.000000
0.999669 -0.013877 0.021660 0.012400 0.016735 0.990303 -0.137912 8.239700 -0.019536 0.138229 0.990208 -1.148800 0.000000 0.000000 0.000000 1.000000
0.999698 -0.024557 -0.001222 0.012400 0.024120 0.989139 -0.144988 8.239700 0.004769 0.144915 0.989433 -1.148800 0.000000 0.000000 0.000000 1.000000
0.998718 -0.045061 -0.023066 0.012400 0.040689 0.985656 -0.163788 8.239700 0.030115 0.162639 0.986226 -1.148800 0.000000 0.000000 0.000000 1.000000
0.996671 -0.069767 -0.042177 0.012400 0.060510 0.979767 -0.190775 8.239700 0.054634 0.187588 0.980727 -1.148800 0.000000 0.000000 0.000000 1.000000
0.994163 -0.090961 -0.058026 0.012400 0.076443 0.973368 -0.216128 8.239700 0.076140 0.210430 0.974639 -1.148800 0.000000 0.000000 0.000000 1.000000
0.992121 -0.103781 -0.070184 0.012400 0.084850 0.968755 -0.233055 8.239700 0.092178 0.225264 0.969928 -1.148800 0.000000 0.000000 0.000000 1.000000
0.991107 -0.108718 -0.076726 0.012400 0.087172 0.966123 -0.242913 8.239700 0.100535 0.234064 0.967009 -1.148800 0.000000 0.000000 0.000000 1.000000
0.991360 -0.108485 -0.073733 0.012400 0.086645 0.963621 -0.252837 8.239700 0.098479 0.244264 0.964695 -1.148800 0.000000 0.000000 0.000000 1.000000
0.992839 -0.103064 -0.060399 0.012400 0.083247 0.959549 -0.268953 8.239700 0.085676 0.261999 0.961258 -1.148800 0.000000 0.000000 0.000000 1.000000
0.994975 -0.089625 -0.044634 0.012400 0.073141 0.955047 -0.287290 8.239700 0.068376 0.282582 0.956803 -1.148800 0.000000 0.000000 0.000000 1.000000
0.996922 -0.067872 -0.039240 0.012400 0.053374 0.954189 -0.294407 8.239700 0.057425 0.291406 0.954874 -1.148800 0.000000 0.000000 0.000000 1.000000
0.997974 -0.041056 -0.048609 0.012400 0.025645 0.958711 -0.283223 8.239700 0.058230 0.281402 0.957822 -1.148800 0.000000 0.000000 0.000000 1.000000
0.997977 -0.013392 -0.062148 0.012400 -0.003420 0.964834 -0.262839 8.239700 0.063483 0.262519 0.962836 -1.148800 0.000000 0.000000 0.000000 1.000000
0.997718 0.008972 -0.066922 0.012400 -0.025296 0.968617 -0.247269 8.239700 0.062604 0.248398 0.966633 -1.148800 0.000000 0.000000 0.000000 1.000000
0.997882 0.022024 -0.061202 0.012400 -0.035977 0.970779 -0.237261 8.239700 0.054188 0.238961 0.969516 -1.148800 0.000000 0.000000 0.000000 1.000000
0.998301 0.029350 -0.050344 0.012400 -0.039941 0.973689 -0.224355 8.239700 0.042435 0.225985 0.973206 -1.148800 0.000000 0.000000 0.000000 1.000000
0.998567 0.036813 -0.038833 0.012400 -0.044207 0.976463 -0.211106 8.239700 0.030147 0.212520 0.976691 -1.148800 0.000000 0.000000 0.000000 1.000000
0.998558 0.044832 -0.029537 0.012400 -0.050063 0.976271 -0.210688 8.239700 0.019390 0.211863 0.977107 -1.148800 0.000000 0.000000 0.000000 1.000000
0.998492 0.049894 -0.022911 0.012400 -0.053792 0.972540 -0.226433 8.239700 0.010984 0.227324 0.973757 -1.148800 0.000000 0.000000 0.000000 1.000000
0.998532 0.051413 -0.017022 0.012400 -0.054027 0.967488 -0.247080 8.239700 0.003765 0.247637 0.968845 -1.148800 0.000000 0.000000 0.000000 1.000000
0.998496 0.053312 -0.012819 0.012400 -0.054805 0.963078 -0.263585 8.239700 -0.001707 0.263891 0.964551 -1.148800 0.000000 0.000000 0.000000 1.000000
0.998155 0.059103 -0.013896 0.012400 -0.060636 0.958823 -0.277457 8.239700 -0.003075 0.277788 0.960637 -1.148800 0.000000 0.000000 0.000000 1.000000
0.997513 0.068036 -0.018392 0.012400 -0.070446 0.954607 -0.289417 8.239700 -0.002134 0.289993 0.957026 -1.148800 0.000000 0.000000 0.000000 1.000000
0.996898 0.076216 -0.019617 0.012400 -0.078613 0.952628 -0.293801 8.239700 -0.003705 0.294432 0.955665 -1.148800 0.000000 0.000000 0.000000 1.000000
0.996431 0.083120 -0.014690 0.012400 -0.083808 0.953545 -0.289359 8.239700 -0.010044 0.289557 0.957108 -1.148800 0.000000 0.000000 0.000000 1.000000
0.995623 0.093198 -0.007009 0.012400 -0.091355 0.954617 -0.283481 8.239700 -0.019729 0.282881 0.958952 -1.148800 0.000000 0.000000 0.000000 1.000000
0.994219 0.107367 -0.000183 0.012400 -0.103054 0.953797 -0.282225 8.239700 -0.030127 0.280613 0.959348 -1.148800 0.000000 0.000000 0.000000 1.000000
0.992833 0.119353 0.006103 0.012400 -0.112741 0.952328 -0.283481 8.239700 -0.039646 0.280761 0.958958 -1.148800 0.000000 0.000000 0.000000 1.000000
0.992213 0.123841 0.013313 0.012400 -0.115078 0.952363 -0.282420 8.239700 -0.047654 0.278689 0.959198 -1.148800 0.000000 0.000000 0.000000 1.000000
0.992237 0.122501 0.021440 0.012400 -0.111819 0.954249 -0.277318 8.239700 -0.054430 0.272767 0.960539 -1.148800 0.000000 0.000000 0.000000 1.000000
0.992388 0.119545 0.029584 0.012400 -0.107303 0.957249 -0.268628 8.239700 -0.060433 0.263409 0.962790 -1.148800 0.000000 0.000000 0.000000 1.000000
0.992547 0.115963 0.037448 0.012400 -0.102571 0.960934 -0.257069 8.239700 -0.065795 0.251312 0.965667 -1.148800 0.000000 0.000000 0.000000 1.000000
0.992870 0.109637 0.046776 0.012400 -0.095076 0.965106 -0.243990 8.239700 -0.071894 0.237804 0.968649 -1.148800 0.000000 0.000000 0.000000 1.000000
0.993221 0.098723 0.061365 0.012400 -0.082072 0.969433 -0.231222 8.239700 -0.082316 0.224618 0.970964 -1.148800 0.000000 0.000000 0.000000 1.000000
0.992928 0.084834 0.083051 0.012400 -0.064778 0.973387 -0.219821 8.239700 -0.099489 0.212886 0.971999 -1.148800 0.000000 0.000000 0.000000 1.000000
0.991501 0.073134 0.107596 0.012400 -0.049162 0.976336 -0.210595 8.239700 -0.120451 0.203516 0.971634 -1.148800 0.000000 0.000000 0.000000 1.000000
0.989510 0.067365 0.127793 0.012400 -0.040114 0.977958 -0.204914 8.239700 -0.138780 0.197639 0.970401 -1.148800 0.000000 0.000000 0.000000 1.000000
0.987914 0.065705 0.140391 0.012400 -0.036280 0.978571 -0.202691 8.239700 -0.150701 0.195147 0.969127 -1.148800 0.000000 0.000000 0.000000 1.000000
0.986931 0.064306 0.147756 0.012400 -0.033564 0.978848 -0.201818 8.239700 -0.157608 0.194221 0.968214 -1.148800 0.000000 0.000000 0.000000 1.000000
0.986205 0.062532 0.153262 0.012400 -0.030870 0.979136 -0.200849 8.239700 -0.162623 0.193347 0.967559 -1.148800 0.000000 0.000000 0.000000 1.000000
0.985644 0.061866 0.157095 0.012400 -0.029582 0.979335 -0.200069 8.239700 -0.166226 0.192550 0.967106 -1.148800 0.000000 0.000000 0.000000 1.000000
0.985510 0.062214 0.157799 0.012400 -0.029795 0.979336 -0.200033 8.239700 -0.166983 0.192432 0.966999 -1.148800 0.000000 0.000000 0.000000 1.000000
0.985802 0.062177 0.155979 0.012400 -0.030037 0.979231 -0.200510 8.239700 -0.165206 0.192978 0.967195 -1.148800 0.000000 0.000000 0.000000 1.000000
0.986125 0.061492 0.154195 0.012400 -0.029658 0.979179 -0.200823 8.239700 -0.163334 0.193463 0.967416 -1.148800 0.000000 0.000000 0.000000 1.000000
0.986201 0.060946 0.153924 0.012400 -0.029195 0.979223 -0.200672 8.239700 -0.162956 0.193409 0.967491 -1.148800 0.000000 0.000000 0.000000 1.000000
0.986157 0.060513 0.154381 0.012400 -0.028717 0.979289 -0.200419 8.239700 -0.163311 0.193211 0.967470 -1.148800 0.000000 0.000000 0.000000 1.000000
0.986235 0.059262 0.154366 0.012400 -0.027452 0.979295 -0.200566 8.239700 -0.163056 0.193568 0.967442 -1.148800 0.000000 0.000000 0.000000 1.000000
0.986427 0.056967 0.154001 0.012400 -0.025141 0.979229 -0.201191 8.239700 -0.162263 0.194589 0.967371 -1.148800 0.000000 0.000000 0.000000 1.000000
0.986524 0.054635 0.154223 0.012400 -0.022656 0.979135 -0.201942 8.239700 -0.162038 0.195727 0.967179 -1.148800 0.000000 0.000000 0.000000 1.000000
0.986415 0.053281 0.155391 0.012400 -0.020993 0.979068 -0.202447 8.239700 -0.162925 0.196435 0.966886 -1.148800 0.000000 0.000000 0.000000 1.000000</float_array><technique_common><accessor source="#Spine1-Matrix-animation-output-transform-array" count="65" stride="16"><param type="float4x4"/></accessor></technique_common></source><source id="Spine1-Interpolations"><Name_array id="Spine1-Interpolations-array" count="65">
 LINEAR LINEAR LINEAR LINEAR LINEAR LINEAR LINEAR LINEAR LINEAR LINEAR LINEAR
LINEAR LINEAR LINEAR LINEAR LINEAR LINEAR LINEAR LINEAR LINEAR LINEAR LINEAR LINEAR
LINEAR LINEAR LINEAR LINEAR LINEAR LINEAR LINEAR LINEAR LINEAR LINEAR LINEAR LINEAR
LINEAR LINEAR LINEAR LINEAR LINEAR LINEAR LINEAR LINEAR LINEAR LINEAR LINEAR LINEAR
LINEAR LINEAR LINEAR LINEAR LINEAR LINEAR LINEAR LINEAR LINEAR LINEAR LINEAR LINEAR
LINEAR LINEAR LINEAR LINEAR LINEAR LINEAR</Name_array><technique_common><accessor source="#Spine1-Interpolations-array" count="65"><param type="name"/></accessor></technique_common></source><sampler id="Spine1-Matrix-animation-transform"><input semantic="INPUT" source="#Spine1-Matrix-animation-input"/><input semantic="OUTPUT" source="#Spine1-Matrix-animation-output-transform"/><input semantic="INTERPOLATION" source="#Spine1-Interpolations"/></sampler><channel source="#Spine1-Matrix-animation-transform" target="Spine1/matrix"/></animation>
    <animation id="Spine2-anim" name="Spine2"><source id="Spine2-Matrix-animation-input"><float_array id="Spine2-Matrix-animation-input-array" count="65">

0.000000 0.033333 0.066667 0.100000 0.133333 0.166667 0.200000 0.233333 0.266667 0.300000 0.333333 0.366667 0.400000 0.433333 0.466667 0.500000
0.533333 0.566667 0.600000 0.633333 0.666667 0.700000 0.733333 0.766667 0.800000 0.833333 0.866667 0.900000 0.933333 0.966667 1.000000 1.033333
1.066667 1.100000 1.133333 1.166667 1.200000 1.233333 1.266667 1.300000 1.333333 1.366667 1.400000 1.433333 1.466667 1.500000 1.533333 1.566667
1.600000 1.633333 1.666667 1.700000 1.733333 1.766667 1.800000 1.833333 1.866667 1.900000 1.933333 1.966667 2.000000 2.033333 2.066667 2.100000
2.133333</float_array><technique_common><accessor source="#Spine2-Matrix-animation-input-array" count="65"><param name="TIME" type="float"/></accessor></technique_common></source><source id="Spine2-Matrix-animation-output-transform"><float_array id="Spine2-Matrix-animation-output-transform-array" count="1040">

0.992710 0.116719 -0.030048 0.014200 -0.116320 0.862549 -0.492422 9.416800 -0.031557 0.492327 0.869838 -1.313000 0.000000 0.000000 0.000000 1.000000
0.994996 0.094048 -0.033740 0.014200 -0.098648 0.870996 -0.481284 9.416800 -0.015877 0.482204 0.875915 -1.313000 0.000000 0.000000 0.000000 1.000000
0.996451 0.074577 -0.039026 0.014200 -0.084171 0.882196 -0.463298 9.416800 -0.000123 0.464938 0.885343 -1.313000 0.000000 0.000000 0.000000 1.000000
0.997314 0.057846 -0.044936 0.014200 -0.071697 0.896540 -0.437123 9.416800 0.015001 0.439170 0.898279 -1.313000 0.000000 0.000000 0.000000 1.000000
0.997771 0.043853 -0.050289 0.014200 -0.060401 0.913879 -0.401468 9.416800 0.028353 0.403611 0.914491 -1.313000 0.000000 0.000000 0.000000 1.000000
0.998009 0.033755 -0.053283 0.014200 -0.050602 0.932781 -0.356875 9.416800 0.037655 0.358860 0.932631 -1.313000 0.000000 0.000000 0.000000 1.000000
0.998273 0.029060 -0.051057 0.014200 -0.043369 0.950785 -0.306800 9.416800 0.039628 0.308484 0.950404 -1.313000 0.000000 0.000000 0.000000 1.000000
0.998755 0.029050 -0.040559 0.014200 -0.038516 0.965706 -0.256764 9.416800 0.031709 0.258007 0.965623 -1.313000 0.000000 0.000000 0.000000 1.000000
0.999333 0.029709 -0.021238 0.014200 -0.033546 0.976619 -0.212342 9.416800 0.014433 0.212913 0.976965 -1.313000 0.000000 0.000000 0.000000 1.000000
0.999647 0.026389 0.003188 0.014200 -0.025400 0.983680 -0.178123 9.416800 -0.007836 0.177979 0.984003 -1.313000 0.000000 0.000000 0.000000 1.000000
0.999492 0.017555 0.026617 0.014200 -0.013170 0.987544 -0.156794 9.416800 -0.029038 0.156363 0.987273 -1.313000 0.000000 0.000000 0.000000 1.000000
0.999004 0.005533 0.044285 0.014200 0.001039 0.989133 -0.147020 9.416800 -0.044617 0.146919 0.988142 -1.313000 0.000000 0.000000 0.000000 1.000000
0.998541 -0.005341 0.053737 0.014200 0.013009 0.989580 -0.143392 9.416800 -0.052411 0.143882 0.988206 -1.313000 0.000000 0.000000 0.000000 1.000000
0.998528 -0.011133 0.053083 0.014200 0.018525 0.989854 -0.140875 9.416800 -0.050976 0.141651 0.988603 -1.313000 0.000000 0.000000 0.000000 1.000000
0.999068 -0.011893 0.041498 0.014200 0.017531 0.990238 -0.138283 9.416800 -0.039448 0.138882 0.989523 -1.313000 0.000000 0.000000 0.000000 1.000000
0.999669 -0.013877 0.021660 0.014200 0.016735 0.990303 -0.137912 9.416800 -0.019536 0.138229 0.990208 -1.313000 0.000000 0.000000 0.000000 1.000000
0.999698 -0.024556 -0.001222 0.014200 0.024120 0.989139 -0.144988 9.416800 0.004769 0.144915 0.989433 -1.313000 0.000000 0.000000 0.000000 1.000000
