<?xml version="1.0" encoding="utf-8"?>
<COLLADA xmlns="http://www.collada.org/2005/11/COLLADASchema" version="1.4.1">
  <asset><contributor><author>Mixamo</author><authoring_tool>COLLADA Mixamo exporter</authoring_tool><comments></comments></contributor><created>2018-11-01T18:47:21Z</created><modified>2018-11-01T18:47:21Z</modified><revision></revision><title></title><unit meter="0.010000"/><up_axis>Y_UP</up_axis></asset>
  <library_animations>
    <animation id="Hips-anim" name="Hips"><source id="Hips-Matrix-animation-input"><float_array id="Hips-Matrix-animation-input-array" count="22">

0.000000 0.033333 0.066667 0.100000 0.133333 0.166667 0.200000 0.233333 0.266667 0.300000 0.333333 0.366667 0.400000 0.433333 0.466667 0.500000
0.533333 0.566667 0.600000 0.633333 0.666667 0.700000</float_array><technique_common><accessor source="#Hips-Matrix-animation-input-array" count="22"><param name="TIME" type="float"/></accessor></technique_common></source><source id="Hips-Matrix-animation-output-transform"><float_array id="Hips-Matrix-animation-output-transform-array" count="352">

0.728358 0.053163 -0.683132 -0.621691 -0.000074 0.996992 0.077509 71.040649 0.685197 -0.056403 0.726171 0.550428 0.000000 0.000000 0.000000 1.000000
0.728337 0.052695 -0.683190 -0.611845 0.000091 0.997031 0.076998 71.042686 0.685219 -0.056143 0.726170 0.557275 0.000000 0.000000 0.000000 1.000000
0.728492 0.050886 -0.683162 -0.602953 0.001191 0.997142 0.075543 71.047333 0.685053 -0.055846 0.726349 0.563712 0.000000 0.000000 0.000000 1.000000
0.728798 0.047996 -0.683045 -0.596546 0.003085 0.997300 0.073370 71.052559 0.684722 -0.055579 0.726682 0.568818 0.000000 0.000000 0.000000 1.000000
0.729225 0.044286 -0.682840 -0.593296 0.005631 0.997481 0.070706 71.056213 0.684251 -0.055406 0.727139 0.571736 0.000000 0.000000 0.000000 1.000000
0.729745 0.040016 -0.682548 -0.592953 0.008687 0.997663 0.067778 71.056221 0.683665 -0.055390 0.727691 0.571804 0.000000 0.000000 0.000000 1.000000
0.730330 0.035457 -0.682174 -0.594662 0.012096 0.997824 0.064813 71.051132 0.682988 -0.055586 0.728312 0.568748 0.000000 0.000000 0.000000 1.000000
0.730927 0.030973 -0.681753 -0.597339 0.015572 0.997953 0.062034 71.042168 0.682278 -0.055959 0.728948 0.563399 0.000000 0.000000 0.000000 1.000000
0.731489 0.026923 -0.681322 -0.600810 0.018841 0.998041 0.059667 71.029312 0.681593 -0.056482 0.729548 0.556937 0.000000 0.000000 0.000000 1.000000
0.731965 0.023707 -0.680930 -0.605078 0.021566 0.998088 0.057932 71.014389 0.681001 -0.057089 0.730054 0.550408 0.000000 0.000000 0.000000 1.000000
0.732304 0.021737 -0.680630 -0.610411 0.023398 0.998097 0.057050 70.999313 0.680575 -0.057704 0.730402 0.544539 0.000000 0.000000 0.000000 1.000000
0.732481 0.021226 -0.680457 -0.617172 0.024151 0.998075 0.057131 70.984993 0.680359 -0.058281 0.730558 0.539691 0.000000 0.000000 0.000000 1.000000
0.732517 0.021934 -0.680395 -0.625286 0.023989 0.998028 0.058000 70.971504 0.680326 -0.058808 0.730546 0.535952 0.000000 0.000000 0.000000 1.000000
0.732428 0.023657 -0.680434 -0.634047 0.023047 0.997962 0.059505 70.959435 0.680455 -0.059265 0.730390 0.533374 0.000000 0.000000 0.000000 1.000000
0.732222 0.026212 -0.680561 -0.642257 0.021443 0.997876 0.061505 70.949478 0.680728 -0.059628 0.730105 0.532034 0.000000 0.000000 0.000000 1.000000
0.731907 0.029427 -0.680768 -0.648503 0.019281 0.997773 0.063859 70.942551 0.681131 -0.059865 0.729710 0.531970 0.000000 0.000000 0.000000 1.000000
0.731488 0.033136 -0.681049 -0.651573 0.016653 0.997652 0.066426 70.939720 0.681651 -0.059931 0.729219 0.533081 0.000000 0.000000 0.000000 1.000000
0.730969 0.037186 -0.681396 -0.650825 0.013635 0.997519 0.069066 70.942490 0.682274 -0.059776 0.728649 0.535168 0.000000 0.000000 0.000000 1.000000
0.730358 0.041465 -0.681805 -0.646622 0.010249 0.997378 0.071636 70.953636 0.682988 -0.059308 0.728018 0.538181 0.000000 0.000000 0.000000 1.000000
0.729683 0.045762 -0.682252 -0.639925 0.006644 0.997236 0.073995 70.974731 0.683753 -0.058526 0.727363 0.541734 0.000000 0.000000 0.000000 1.000000
0.728991 0.049785 -0.682710 -0.631384 0.003081 0.997103 0.076001 71.005211 0.684516 -0.057507 0.726726 0.545655 0.000000 0.000000 0.000000 1.000000
0.728358 0.053163 -0.683132 -0.621691 -0.000074 0.996992 0.077509 71.040649 0.685197 -0.056403 0.726171 0.550428 0.000000 0.000000 0.000000 1.000000</float_array><technique_common><accessor source="#Hips-Matrix-animation-output-transform-array" count="22" stride="16"><param type="float4x4"/></accessor></technique_common></source><source id="Hips-Interpolations"><Name_array id="Hips-Interpolations-array" count="22">
 LINEAR LINEAR LINEAR LINEAR LINEAR LINEAR LINEAR LINEAR LINEAR LINEAR LINEAR
LINEAR LINEAR LINEAR LINEAR LINEAR LINEAR LINEAR LINEAR LINEAR LINEAR LINEAR</Name_array><technique_common><accessor source="#Hips-Interpolations-array" count="22"><param type="name"/></accessor></technique_common></source><sampler id="Hips-Matrix-animation-transform"><input semantic="INPUT" source="#Hips-Matrix-animation-input"/><input semantic="OUTPUT" source="#Hips-Matrix-animation-output-transform"/><input semantic="INTERPOLATION" source="#Hips-Interpolations"/></sampler><channel source="#Hips-Matrix-animation-transform" target="Hips/matrix"/></animation>
    <animation id="Spine-anim" name="Spine"><source id="Spine-Matrix-animation-input"><float_array id="Spine-Matrix-animation-input-array" count="22">

0.000000 0.033333 0.066667 0.100000 0.133333 0.166667 0.200000 0.233333 0.266667 0.300000 0.333333 0.366667 0.400000 0.433333 0.466667 0.500000
0.533333 0.566667 0.600000 0.633333 0.666667 0.700000</float_array><technique_common><accessor source="#Spine-Matrix-animation-input-array" count="22"><param name="TIME" type="float"/></accessor></technique_common></source><source id="Spine-Matrix-animation-output-transform"><float_array id="Spine-Matrix-animation-output-transform-array" count="352">

0.998351 0.057189 -0.004879 0.009000 -0.056539 0.965248 -0.255145 7.062600 -0.009882 0.255000 0.966891 -0.984700 0.000000 0.000000 0.000000 1.000000
0.998352 0.057234 -0.004303 0.009000 -0.056435 0.965228 -0.255244 7.062600 -0.010455 0.255067 0.966867 -0.984700 0.000000 0.000000 0.000000 1.000000
0.998335 0.057549 -0.004005 0.009000 -0.056662 0.965174 -0.255399 7.062600 -0.010832 0.255201 0.966827 -0.984700 0.000000 0.000000 0.000000 1.000000
0.998302 0.058116 -0.004023 0.009000 -0.057213 0.965091 -0.255588 7.062600 -0.010972 0.255384 0.966777 -0.984700 0.000000 0.000000 0.000000 1.000000
0.998253 0.058917 -0.004399 0.009000 -0.058080 0.964987 -0.255788 7.062600 -0.010825 0.255597 0.966723 -0.984700 0.000000 0.000000 0.000000 1.000000
0.998189 0.059933 -0.005176 0.009000 -0.059260 0.964865 -0.255974 7.062600 -0.010347 0.255818 0.966670 -0.984700 0.000000 0.000000 0.000000 1.000000
0.998109 0.061137 -0.006381 0.009000 -0.060731 0.964735 -0.256122 7.062600 -0.009503 0.256025 0.966623 -0.984700 0.000000 0.000000 0.000000 1.000000
0.998019 0.062424 -0.007879 0.009000 -0.062357 0.964605 -0.256220 7.062600 -0.008394 0.256204 0.966586 -0.984700 0.000000 0.000000 0.000000 1.000000
0.997923 0.063712 -0.009515 0.009000 -0.064020 0.964483 -0.256268 7.062600 -0.007150 0.256345 0.966559 -0.984700 0.000000 0.000000 0.000000 1.000000
0.997833 0.064859 -0.011110 0.009000 -0.065538 0.964382 -0.256264 7.062600 -0.005906 0.256437 0.966543 -0.984700 0.000000 0.000000 0.000000 1.000000
0.997760 0.065714 -0.012483 0.009000 -0.066716 0.964315 -0.256212 7.062600 -0.004799 0.256471 0.966540 -0.984700 0.000000 0.000000 0.000000 1.000000
0.997715 0.066200 -0.013510 0.009000 -0.067450 0.964289 -0.256120 7.062600 -0.003928 0.256446 0.966551 -0.984700 0.000000 0.000000 0.000000 1.000000
0.997694 0.066373 -0.014204 0.009000 -0.067795 0.964296 -0.256002 7.062600 -0.003295 0.256374 0.966572 -0.984700 0.000000 0.000000 0.000000 1.000000
0.997695 0.066271 -0.014563 0.009000 -0.067790 0.964331 -0.255871 7.062600 -0.002913 0.256268 0.966601 -0.984700 0.000000 0.000000 0.000000 1.000000
0.997718 0.065925 -0.014581 0.009000 -0.067460 0.964390 -0.255737 7.062600 -0.002798 0.256137 0.966636 -0.984700 0.000000 0.000000 0.000000 1.000000
0.997761 0.065350 -0.014243 0.009000 -0.066818 0.964468 -0.255610 7.062600 -0.002967 0.255989 0.966675 -0.984700 0.000000 0.000000 0.000000 1.000000
0.997823 0.064549 -0.013528 0.009000 -0.065862 0.964564 -0.255496 7.062600 -0.003443 0.255831 0.966715 -0.984700 0.000000 0.000000 0.000000 1.000000
0.997904 0.063516 -0.012415 0.009000 -0.064579 0.964676 -0.255403 7.062600 -0.004245 0.255669 0.966755 -0.984700 0.000000 0.000000 0.000000 1.000000
0.998005 0.062191 -0.010853 0.009000 -0.062899 0.964808 -0.255321 7.062600 -0.005408 0.255494 0.966796 -0.984700 0.000000 0.000000 0.000000 1.000000
0.998122 0.060602 -0.008939 0.009000 -0.060874 0.964958 -0.255244 7.062600 -0.006843 0.255309 0.966835 -0.984700 0.000000 0.000000 0.000000 1.000000
0.998242 0.058864 -0.006866 0.009000 -0.058665 0.965112 -0.255182 7.062600 -0.008395 0.255136 0.966869 -0.984700 0.000000 0.000000 0.000000 1.000000
0.998351 0.057189 -0.004879 0.009000 -0.056539 0.965248 -0.255145 7.062600 -0.009882 0.255000 0.966891 -0.984700 0.000000 0.000000 0.000000 1.000000</float_array><technique_common><accessor source="#Spine-Matrix-animation-output-transform-array" count="22" stride="16"><param type="float4x4"/></accessor></technique_common></source><source id="Spine-Interpolations"><Name_array id="Spine-Interpolations-array" count="22">
 LINEAR LINEAR LINEAR LINEAR LINEAR LINEAR LINEAR LINEAR LINEAR LINEAR LINEAR
LINEAR LINEAR LINEAR LINEAR LINEAR LINEAR LINEAR LINEAR LINEAR LINEAR LINEAR</Name_array><technique_common><accessor source="#Spine-Interpolations-array" count="22"><param type="name"/></accessor></technique_common></source><sampler id="Spine-Matrix-animation-transform"><input semantic="INPUT" source="#Spine-Matrix-animation-input"/><input semantic="OUTPUT" source="#Spine-Matrix-animation-output-transform"/><input semantic="INTERPOLATION" source="#Spine-Interpolations"/></sampler><channel source="#Spine-Matrix-animation-transform" target="Spine/matrix"/></animation>
    <animation id="Spine1-anim" name="Spine1"><source id="Spine1-Matrix-animation-input"><float_array id="Spine1-Matrix-animation-input-array" count="22">

0.000000 0.033333 0.066667 0.100000 0.133333 0.166667 0.200000 0.233333 0.266667 0.300000 0.333333 0.366667 0.400000 0.433333 0.466667 0.500000
0.533333 0.566667 0.600000 0.633333 0.666667 0.700000</float_array><technique_common><accessor source="#Spine1-Matrix-animation-input-array" count="22"><param name="TIME" type="float"/></accessor></technique_common></source><source id="Spine1-Matrix-animation-output-transform"><float_array id="Spine1-Matrix-animation-output-transform-array" count="352">

0.992710 0.116719 -0.030048 0.012400 -0.116320 0.862549 -0.492422 8.239700 -0.031557 0.492328 0.869838 -1.148800 0.000000 0.000000 0.000000 1.000000
0.992629 0.117547 -0.029499 0.012400 -0.116763 0.862379 -0.492614 8.239700 -0.032466 0.492428 0.869748 -1.148800 0.000000 0.000000 0.000000 1.000000
0.992459 0.118944 -0.029629 0.012400 -0.118030 0.862057 -0.492875 8.239700 -0.033083 0.492656 0.869595 -1.148800 0.000000 0.000000 0.000000 1.000000
0.992223 0.120702 -0.030396 0.012400 -0.119923 0.861628 -0.493170 8.239700 -0.033336 0.492980 0.869402 -1.148800 0.000000 0.000000 0.000000 1.000000
0.991946 0.122617 -0.031759 0.012400 -0.122247 0.861136 -0.493458 8.239700 -0.033157 0.493366 0.869190 -1.148800 0.000000 0.000000 0.000000 1.000000
0.991650 0.124485 -0.033677 0.012400 -0.124804 0.860632 -0.493697 8.239700 -0.032474 0.493778 0.868982 -1.148800 0.000000 0.000000 0.000000 1.000000
0.991359 0.126112 -0.036087 0.012400 -0.127399 0.860165 -0.493847 8.239700 -0.031239 0.494178 0.868800 -1.148800 0.000000 0.000000 0.000000 1.000000
0.991093 0.127405 -0.038758 0.012400 -0.129838 0.859769 -0.493902 8.239700 -0.029603 0.494535 0.868653 -1.148800 0.000000 0.000000 0.000000 1.000000
0.990871 0.128302 -0.041401 0.012400 -0.131922 0.859468 -0.493874 8.239700 -0.027782 0.494827 0.868547 -1.148800 0.000000 0.000000 0.000000 1.000000
0.990714 0.128729 -0.043745 0.012400 -0.133455 0.859289 -0.493774 8.239700 -0.025974 0.495027 0.868489 -1.148800 0.000000 0.000000 0.000000 1.000000
0.990649 0.128616 -0.045522 0.012400 -0.134239 0.859254 -0.493621 8.239700 -0.024372 0.495116 0.868485 -1.148800 0.000000 0.000000 0.000000 1.000000
0.990687 0.127947 -0.046562 0.012400 -0.134179 0.859370 -0.493435 8.239700 -0.023119 0.495088 0.868535 -1.148800 0.000000 0.000000 0.000000 1.000000
0.990809 0.126860 -0.046944 0.012400 -0.133429 0.859600 -0.493239 8.239700 -0.022219 0.494969 0.868626 -1.148800 0.000000 0.000000 0.000000 1.000000
0.990996 0.125473 -0.046722 0.012400 -0.132122 0.859912 -0.493046 8.239700 -0.021687 0.494780 0.868748 -1.148800 0.000000 0.000000 0.000000 1.000000
0.991230 0.123903 -0.045943 0.012400 -0.130379 0.860279 -0.492870 8.239700 -0.021544 0.494538 0.868889 -1.148800 0.000000 0.000000 0.000000 1.000000
0.991493 0.122265 -0.044653 0.012400 -0.128323 0.860674 -0.492721 8.239700 -0.021810 0.494259 0.869041 -1.148800 0.000000 0.000000 0.000000 1.000000
0.991765 0.120673 -0.042897 0.012400 -0.126077 0.861072 -0.492605 8.239700 -0.022507 0.493957 0.869195 -1.148800 0.000000 0.000000 0.000000 1.000000
0.992030 0.119246 -0.040716 0.012400 -0.123765 0.861450 -0.492531 8.239700 -0.023658 0.493645 0.869342 -1.148800 0.000000 0.000000 0.000000 1.000000
0.992268 0.118116 -0.038120 0.012400 -0.121506 0.861801 -0.492479 8.239700 -0.025318 0.493303 0.869489 -1.148800 0.000000 0.000000 0.000000 1.000000
0.992466 0.117326 -0.035289 0.012400 -0.119426 0.862117 -0.492434 8.239700 -0.027352 0.492939 0.869634 -1.148800 0.000000 0.000000 0.000000 1.000000
0.992616 0.116864 -0.032504 0.012400 -0.117655 0.862374 -0.492410 8.239700 -0.029514 0.492599 0.869756 -1.148800 0.000000 0.000000 0.000000 1.000000
0.992710 0.116719 -0.030048 0.012400 -0.116320 0.862549 -0.492422 8.239700 -0.031557 0.492328 0.869838 -1.148800 0.000000 0.000000 0.000000 1.000000</float_array><technique_common><accessor source="#Spine1-Matrix-animation-output-transform-array" count="22" stride="16"><param type="float4x4"/></accessor></technique_common></source><source id="Spine1-Interpolations"><Name_array id="Spine1-Interpolations-array" count="22">
 LINEAR LINEAR LINEAR LINEAR LINEAR LINEAR LINEAR LINEAR LINEAR LINEAR LINEAR
LINEAR LINEAR LINEAR LINEAR LINEAR LINEAR LINEAR LINEAR LINEAR LINEAR LINEAR</Name_array><technique_common><accessor source="#Spine1-Interpolations-array" count="22"><param type="name"/></accessor></technique_common></source><sampler id="Spine1-Matrix-animation-transform"><input semantic="INPUT" source="#Spine1-Matrix-animation-input"/><input semantic="OUTPUT" source="#Spine1-Matrix-animation-output-transform"/><input semantic="INTERPOLATION" source="#Spine1-Interpolations"/></sampler><channel source="#Spine1-Matrix-animation-transform" target="Spine1/matrix"/></animation>
    <animation id="Spine2-anim" name="Spine2"><source id="Spine2-Matrix-animation-input"><float_array id="Spine2-Matrix-animation-input-array" count="22">

0.000000 0.033333 0.066667 0.100000 0.133333 0.166667 0.200000 0.233333 0.266667 0.300000 0.333333 0.366667 0.400000 0.433333 0.466667 0.500000
0.533333 0.566667 0.600000 0.633333 0.666667 0.700000</float_array><technique_common><accessor source="#Spine2-Matrix-animation-input-array" count="22"><param name="TIME" type="float"/></accessor></technique_common></source><source id="Spine2-Matrix-animation-output-transform"><float_array id="Spine2-Matrix-animation-output-transform-array" count="352">

0.992710 0.116719 -0.030047 0.014200 -0.116320 0.862549 -0.492422 9.416800 -0.031557 0.492327 0.869838 -1.313000 0.000000 0.000000 0.000000 1.000000
0.992629 0.117547 -0.029499 0.014200 -0.116763 0.862379 -0.492614 9.416800 -0.032466 0.492428 0.869748 -1.313000 0.000000 0.000000 0.000000 1.000000
0.992459 0.118944 -0.029628 0.014200 -0.118030 0.862057 -0.492875 9.416800 -0.033083 0.492655 0.869595 -1.313000 0.000000 0.000000 0.000000 1.000000
0.992223 0.120702 -0.030396 0.014200 -0.119923 0.861628 -0.493170 9.416800 -0.033337 0.492980 0.869402 -1.313000 0.000000 0.000000 0.000000 1.000000
0.991946 0.122617 -0.031759 0.014200 -0.122247 0.861136 -0.493458 9.416800 -0.033157 0.493366 0.869190 -1.313000 0.000000 0.000000 0.000000 1.000000
0.991650 0.124485 -0.033677 0.014200 -0.124804 0.860632 -0.493697 9.416800 -0.032475 0.493778 0.868982 -1.313000 0.000000 0.000000 0.000000 1.000000
0.991359 0.126112 -0.036087 0.014200 -0.127399 0.860165 -0.493847 9.416800 -0.031239 0.494178 0.868800 -1.313000 0.000000 0.000000 0.000000 1.000000
0.991093 0.127405 -0.038758 0.014200 -0.129838 0.859769 -0.493902 9.416800 -0.029603 0.494535 0.868653 -1.313000 0.000000 0.000000 0.000000 1.000000
0.990871 0.128302 -0.041401 0.014200 -0.131922 0.859468 -0.493874 9.416800 -0.027782 0.494827 0.868547 -1.313000 0.000000 0.000000 0.000000 1.000000
0.990714 0.128729 -0.043745 0.014200 -0.133455 0.859288 -0.493774 9.416800 -0.025974 0.495027 0.868489 -1.313000 0.000000 0.000000 0.000000 1.000000
0.990649 0.128616 -0.045522 0.014200 -0.134239 0.859254 -0.493621 9.416800 -0.024372 0.495116 0.868485 -1.313000 0.000000 0.000000 0.000000 1.000000
0.990687 0.127948 -0.046562 0.014200 -0.134179 0.859370 -0.493436 9.416800 -0.023120 0.495088 0.868535 -1.313000 0.000000 0.000000 0.000000 1.000000
0.990809 0.126860 -0.046944 0.014200 -0.133429 0.859600 -0.493239 9.416800 -0.022219 0.494969 0.868626 -1.313000 0.000000 0.000000 0.000000 1.000000
0.990996 0.125473 -0.046722 0.014200 -0.132122 0.859912 -0.493047 9.416800 -0.021688 0.494780 0.868747 -1.313000 0.000000 0.000000 0.000000 1.000000
0.991230 0.123903 -0.045943 0.014200 -0.130379 0.860279 -0.492870 9.416800 -0.021544 0.494537 0.868889 -1.313000 0.000000 0.000000 0.000000 1.000000
0.991493 0.122264 -0.044653 0.014200 -0.128323 0.860674 -0.492721 9.416800 -0.021811 0.494259 0.869041 -1.313000 0.000000 0.000000 0.000000 1.000000
0.991765 0.120673 -0.042897 0.014200 -0.126077 0.861072 -0.492606 9.416800 -0.022507 0.493957 0.869195 -1.313000 0.000000 0.000000 0.000000 1.000000
0.992030 0.119246 -0.040715 0.014200 -0.123765 0.861450 -0.492531 9.416800 -0.023658 0.493644 0.869342 -1.313000 0.000000 0.000000 0.000000 1.000000
0.992268 0.118116 -0.038120 0.014200 -0.121506 0.861801 -0.492479 9.416800 -0.025318 0.493303 0.869489 -1.313000 0.000000 0.000000 0.000000 1.000000
0.992466 0.117326 -0.035289 0.014200 -0.119426 0.862117 -0.492434 9.416800 -0.027353 0.492939 0.869634 -1.313000 0.000000 0.000000 0.000000 1.000000
0.992616 0.116864 -0.032504 0.014200 -0.117655 0.862374 -0.492410 9.416800 -0.029515 0.492598 0.869756 -1.313000 0.000000 0.000000 0.000000 1.000000
0.992710 0.116719 -0.030047 0.014200 -0.116320 0.862549 -0.492422 9.416800 -0.031557 0.492327 0.869838 -1.313000 0.000000 0.000000 0.000000 1.000000</float_array><technique_common><accessor source="#Spine2-Matrix-animation-output-transform-array" count="22" stride="16"><param type="float4x4"/></accessor></technique_common></source><source id="Spine2-Interpolations"><Name_array id="Spine2-Interpolations-array" count="22">
 LINEAR LINEAR LINEAR LINEAR LINEAR LINEAR LINEAR LINEAR LINEAR LINEAR LINEAR
LINEAR LINEAR LINEAR LINEAR LINEAR LINEAR LINEAR LINEAR LINEAR LINEAR LINEAR</Name_array><technique_common><accessor source="#Spine2-Interpolations-array" count="22"><param type="name"/></accessor></technique_common></source><sampler id="Spine2-Matrix-animation-transform"><input semantic="INPUT" source="#Spine2-Matrix-animation-input"/><input semantic="OUTPUT" source="#Spine2-Matrix-animation-output-transform"/><input semantic="INTERPOLATION" source="#Spine2-Interpolations"/></sampler><channel source="#Spine2-Matrix-animation-transform" target="Spine2/matrix"/></animation>
    <animation id="Neck-anim" name="Neck"><source id="Neck-Matrix-animation-input"><float_array id="Neck-Matrix-animation-input-array" count="22">

0.000000 0.033333 0.066667 0.100000 0.133333 0.166667 0.200000 0.233333 0.266667 0.300000 0.333333 0.366667 0.400000 0.433333 0.466667 0.500000
0.533333 0.566667 0.600000 0.633333 0.666667 0.700000</float_array><technique_common><accessor source="#Neck-Matrix-animation-input-array" count="22"><param name="TIME" type="float"/></accessor></technique_common></source><source id="Neck-Matrix-animation-output-transform"><float_array id="Neck-Matrix-animation-output-transform-array" count="352">

0.990538 0.113187 0.077608 0.016000 -0.110959 0.993295 -0.032457 10.593800 -0.080761 0.023539 0.996455 -1.477100 0.000000 0.000000 0.000000 1.000000
0.991340 0.107496 0.075431 0.016000 -0.105326 0.993917 -0.032191 10.593800 -0.078433 0.023967 0.996631 -1.477100 0.000000 0.000000 0.000000 1.000000
0.992218 0.100957 0.072873 0.016000 -0.098847 0.994588 -0.032012 10.593800 -0.075711 0.024560 0.996827 -1.477100 0.000000 0.000000 0.000000 1.000000
0.993046 0.094450 0.070282 0.016000 -0.092396 0.995210 -0.031932 10.593800 -0.072962 0.025216 0.997016 -1.477100 0.000000 0.000000 0.000000 1.000000
0.993719 0.088866 0.068008 0.016000 -0.086856 0.995708 -0.031970 10.593800 -0.070557 0.025863 0.997172 -1.477100 0.000000 0.000000 0.000000 1.000000
0.994157 0.085099 0.066403 0.016000 -0.083112 0.996022 -0.032138 10.593800 -0.068874 0.026431 0.997275 -1.477100 0.000000 0.000000 0.000000 1.000000
0.994297 0.083945 0.065782 0.016000 -0.081952 0.996108 -0.032441 10.593800 -0.068250 0.026865 0.997307 -1.477100 0.000000 0.000000 0.000000 1.000000
0.994170 0.085201 0.066087 0.016000 -0.083176 0.995994 -0.032820 10.593800 -0.068618 0.027132 0.997274 -1.477100 0.000000 0.000000 0.000000 1.000000
0.993824 0.088349 0.067139 0.016000 -0.086275 0.995718 -0.033191 10.593800 -0.069784 0.027194 0.997191 -1.477100 0.000000 0.000000 0.000000 1.000000
0.993289 0.092974 0.068797 0.016000 -0.090843 0.995302 -0.033487 10.593800 -0.071588 0.027013 0.997068 -1.477100 0.000000 0.000000 0.000000 1.000000
0.992591 0.098661 0.070923 0.016000 -0.096474 0.994767 -0.033636 10.593800 -0.073871 0.026544 0.996915 -1.477100 0.000000 0.000000 0.000000 1.000000
0.991764 0.104982 0.073363 0.016000 -0.102748 0.994140 -0.033600 10.593800 -0.076461 0.025785 0.996739 -1.477100 0.000000 0.000000 0.000000 1.000000
0.990861 0.111486 0.075933 0.016000 -0.109217 0.993456 -0.033417 10.593800 -0.079161 0.024818 0.996553 -1.477100 0.000000 0.000000 0.000000 1.000000
0.989943 0.117723 0.078446 0.016000 -0.115434 0.992763 -0.033125 10.593800 -0.081778 0.023736 0.996368 -1.477100 0.000000 0.000000 0.000000 1.000000
0.989087 0.123252 0.080722 0.016000 -0.120956 0.992117 -0.032758 10.593800 -0.084123 0.022636 0.996198 -1.477100 0.000000 0.000000 0.000000 1.000000
0.988378 0.127632 0.082579 0.016000 -0.125344 0.991586 -0.032340 10.593800 -0.086012 0.021613 0.996060 -1.477100 0.000000 0.000000 0.000000 1.000000
0.987907 0.130426 0.083834 0.016000 -0.128157 0.991240 -0.031913 10.593800 -0.087262 0.020783 0.995969 -1.477100 0.000000 0.000000 0.000000 1.000000
0.987768 0.131182 0.084299 0.016000 -0.128942 0.991151 -0.031510 10.593800 -0.087686 0.020255 0.995942 -1.477100 0.000000 0.000000 0.000000 1.000000
0.988064 0.129316 0.083704 0.016000 -0.127091 0.991394 -0.031405 10.593800 -0.087045 0.020392 0.995996 -1.477100 0.000000 0.000000 0.000000 1.000000
0.988732 0.125136 0.082159 0.016000 -0.122908 0.991913 -0.031657 10.593800 -0.085456 0.021202 0.996116 -1.477100 0.000000 0.000000 0.000000 1.000000
0.989607 0.119479 0.080012 0.016000 -0.117245 0.992585 -0.032072 10.593800 -0.083251 0.022358 0.996278 -1.477100 0.000000 0.000000 0.000000 1.000000
0.990538 0.113187 0.077608 0.016000 -0.110959 0.993295 -0.032457 10.593800 -0.080761 0.023539 0.996455 -1.477100 0.000000 0.000000 0.000000 1.000000</float_array><technique_common><accessor source="#Neck-Matrix-animation-output-transform-array" count="22" stride="16"><param type="float4x4"/></accessor></technique_common></source><source id="Neck-Interpolations"><Name_array id="Neck-Interpolations-array" count="22">
 LINEAR LINEAR LINEAR LINEAR LINEAR LINEAR LINEAR LINEAR LINEAR LINEAR LINEAR
LINEAR LINEAR LINEAR LINEAR LINEAR LINEAR LINEAR LINEAR LINEAR LINEAR LINEAR</Name_array><technique_common><accessor source="#Neck-Interpolations-array" count="22"><param type="name"/></accessor></technique_common></source><sampler id="Neck-Matrix-animation-transform"><input semantic="INPUT" source="#Neck-Matrix-animation-input"/><input semantic="OUTPUT" source="#Neck-Matrix-animation-output-transform"/><input semantic="INTERPOLATION" source="#Neck-Interpolations"/></sampler><channel source="#Neck-Matrix-animation-transform" target="Neck/matrix"/></animation>
    <animation id="Head-anim" name="Head"><source id="Head-Matrix-animation-input"><float_array id="Head-Matrix-animation-input-array" count="22">

0.000000 0.033333 0.066667 0.100000 0.133333 0.166667 0.200000 0.233333 0.266667 0.300000 0.333333 0.366667 0.400000 0.433333 0.466667 0.500000
0.533333 0.566667 0.600000 0.633333 0.666667 0.700000</float_array><technique_common><accessor source="#Head-Matrix-animation-input-array" count="22"><param name="TIME" type="float"/></accessor></technique_common></source><source id="Head-Matrix-animation-output-transform"><float_array id="Head-Matrix-animation-output-transform-array" count="352">

0.991466 -0.026911 0.127560 0.000000 0.031816 0.998824 -0.036573 5.056400 -0.126426 0.040319 0.991156 0.719600 0.000000 0.000000 0.000000 1.000000
0.991530 -0.023655 0.127703 0.000000 0.028545 0.998922 -0.036604 5.056400 -0.126699 0.039940 0.991137 0.719600 0.000000 0.000000 0.000000 1.000000
0.991639 -0.020424 0.127413 0.000000 0.025165 0.999045 -0.035709 5.056400 -0.126562 0.038616 0.991207 0.719600 0.000000 0.000000 0.000000 1.000000
0.991778 -0.017637 0.126753 -0.000000 0.022119 0.999176 -0.034040 5.056400 -0.126048 0.036564 0.991350 0.719600 0.000000 0.000000 0.000000 1.000000
0.991934 -0.015712 0.125777 0.000000 0.019855 0.999299 -0.031749 5.056400 -0.125190 0.033990 0.991550 0.719600 0.000000 0.000000 0.000000 1.000000
0.992101 -0.015071 0.124531 0.000000 0.018821 0.999402 -0.028991 5.056400 -0.124019 0.031105 0.991792 0.719600 0.000000 0.000000 0.000000 1.000000
0.992269 -0.016077 0.123056 0.000000 0.019410 0.999475 -0.025934 5.056400 -0.122575 0.028122 0.992061 0.719600 0.000000 0.000000 0.000000 1.000000
0.992423 -0.018469 0.121473 0.000000 0.021399 0.999510 -0.022857 5.056400 -0.120991 0.025283 0.992332 0.719600 0.000000 0.000000 0.000000 1.000000
0.992543 -0.021799 0.119931 -0.000000 0.024377 0.999501 -0.020074 5.056400 -0.119434 0.022848 0.992579 0.719600 0.000000 0.000000 0.000000 1.000000
0.992612 -0.025684 0.118584 0.000000 0.027996 0.999448 -0.017880 5.056400 -0.118059 0.021067 0.992783 0.719600 0.000000 0.000000 0.000000 1.000000
0.992616 -0.029743 0.117592 0.000000 0.031907 0.999354 -0.016565 5.056400 -0.117024 0.020195 0.992924 0.719600 0.000000 0.000000 0.000000 1.000000
0.992554 -0.033655 0.117068 0.000000 0.035802 0.999226 -0.016285 5.056400 -0.116429 0.020355 0.992990 0.719600 0.000000 0.000000 0.000000 1.000000
0.992437 -0.037235 0.116968 0.000000 0.039472 0.999078 -0.016870 5.056400 -0.116232 0.021359 0.992992 0.719600 0.000000 0.000000 0.000000 1.000000
0.992284 -0.040289 0.117257 -0.000000 0.042705 0.998923 -0.018167 5.056400 -0.116399 0.023034 0.992935 0.719600 0.000000 0.000000 0.000000 1.000000
0.992111 -0.042619 0.117898 0.000000 0.045286 0.998773 -0.020037 5.056400 -0.116900 0.025218 0.992823 0.719600 0.000000 0.000000 0.000000 1.000000
0.991936 -0.044025 0.118849 0.000000 0.047001 0.998645 -0.022352 5.056400 -0.117704 0.027757 0.992661 0.719600 0.000000 0.000000 0.000000 1.000000
0.991777 -0.044309 0.120061 0.000000 0.047634 0.998553 -0.024968 5.056400 -0.118781 0.030482 0.992453 0.719600 0.000000 0.000000 0.000000 1.000000
0.991650 -0.043263 0.121481 0.000000 0.046963 0.998511 -0.027757 5.056400 -0.120100 0.033230 0.992206 0.719600 0.000000 0.000000 0.000000 1.000000
0.991568 -0.040584 0.123072 0.000000 0.044649 0.998539 -0.030449 5.056400 -0.121656 0.035688 0.991930 0.719600 0.000000 0.000000 0.000000 1.000000
0.991519 -0.036548 0.124718 -0.000000 0.040943 0.998621 -0.032860 5.056400 -0.123345 0.037687 0.991648 0.719600 0.000000 0.000000 0.000000 1.000000
0.991488 -0.031780 0.126263 0.000000 0.036460 0.998725 -0.034924 5.056400 -0.124992 0.039230 0.991382 0.719600 0.000000 0.000000 0.000000 1.000000
0.991466 -0.026911 0.127560 0.000000 0.031816 0.998824 -0.036573 5.056400 -0.126426 0.040319 0.991156 0.719600 0.000000 0.000000 0.000000 1.000000</float_array><technique_common><accessor source="#Head-Matrix-animation-output-transform-array" count="22" stride="16"><param type="float4x4"/></accessor></technique_common></source><source id="Head-Interpolations"><Name_array id="Head-Interpolations-array" count="22">
 LINEAR LINEAR LINEAR LINEAR LINEAR LINEAR LINEAR LINEAR LINEAR LINEAR LINEAR
LINEAR LINEAR LINEAR LINEAR LINEAR LINEAR LINEAR LINEAR LINEAR LINEAR LINEAR</Name_array><technique_common><accessor source="#Head-Interpolations-array" count="22"><param type="name"/></accessor></technique_common></source><sampler id="Head-Matrix-animation-transform"><input semantic="INPUT" source="#Head-Matrix-animation-input"/><input semantic="OUTPUT" source="#Head-Matrix-animation-output-transform"/><input semantic="INTERPOLATION" source="#Head-Interpolations"/></sampler><channel source="#Head-Matrix-animation-transform" target="Head/matrix"/></animation>
    <animation id="LeftShoulder-anim" name="LeftShoulder"><source id="LeftShoulder-Matrix-animation-input"><float_array id="LeftShoulder-Matrix-animation-input-array" count="22">

0.000000 0.033333 0.066667 0.100000 0.133333 0.166667 0.200000 0.233333 0.266667 0.300000 0.333333 0.366667 0.400000 0.433333 0.466667 0.500000
0.533333 0.566667 0.600000 0.633333 0.666667 0.700000</float_array><technique_common><accessor source="#LeftShoulder-Matrix-animation-input-array" count="22"><param name="TIME" type="float"/></accessor></technique_common></source><source id="LeftShoulder-Matrix-animation-output-transform"><float_array id="LeftShoulder-Matrix-animation-output-transform-array" count="352">

0.999525 -0.009954 0.029167 3.528500 0.007840 0.997395 0.071701 8.730400 -0.029805 -0.071438 0.997000 -1.456100 0.000000 0.000000 0.000000 1.000000
0.999534 -0.009934 0.028880 3.528500 0.007844 0.997402 0.071611 8.730400 -0.029516 -0.071351 0.997014 -1.456100 0.000000 0.000000 0.000000 1.000000
0.999557 -0.009929 0.028057 3.528500 0.007906 0.997420 0.071345 8.730400 -0.028693 -0.071092 0.997057 -1.456100 0.000000 0.000000 0.000000 1.000000
0.999590 -0.009996 0.026824 3.528500 0.008071 0.997448 0.070940 8.730400 -0.027465 -0.070694 0.997120 -1.456100 0.000000 0.000000 0.000000 1.000000
0.999628 -0.010188 0.025307 3.528500 0.008383 0.997482 0.070427 8.730400 -0.025961 -0.070189 0.997196 -1.456100 0.000000 0.000000 0.000000 1.000000
0.999665 -0.010560 0.023631 3.528500 0.008886 0.997519 0.069841 8.730400 -0.024310 -0.069608 0.997278 -1.456100 0.000000 0.000000 0.000000 1.000000
0.999697 -0.011164 0.021920 3.528500 0.009622 0.997555 0.069218 8.730400 -0.022639 -0.068986 0.997361 -1.456100 0.000000 0.000000 0.000000 1.000000
0.999722 -0.011968 0.020305 3.528500 0.010549 0.997588 0.068601 8.730400 -0.021077 -0.068368 0.997438 -1.456100 0.000000 0.000000 0.000000 1.000000
0.999739 -0.012834 0.018918 3.528500 0.011519 0.997615 0.068051 8.730400 -0.019746 -0.067815 0.997502 -1.456100 0.000000 0.000000 0.000000 1.000000
0.999747 -0.013610 0.017893 3.528500 0.012371 0.997634 0.067627 8.730400 -0.018771 -0.067389 0.997550 -1.456100 0.000000 0.000000 0.000000 1.000000
0.999749 -0.014146 0.017364 3.528500 0.012946 0.997643 0.067392 8.730400 -0.018277 -0.067151 0.997575 -1.456100 0.000000 0.000000 0.000000 1.000000
0.999746 -0.014314 0.017400 3.528500 0.013111 0.997641 0.067384 8.730400 -0.018323 -0.067139 0.997575 -1.456100 0.000000 0.000000 0.000000 1.000000
0.999740 -0.014146 0.017900 3.528500 0.012906 0.997631 0.067566 8.730400 -0.018813 -0.067317 0.997554 -1.456100 0.000000 0.000000 0.000000 1.000000
0.999728 -0.013821 0.018770 3.528500 0.012517 0.997615 0.067886 8.730400 -0.019664 -0.067632 0.997517 -1.456100 0.000000 0.000000 0.000000 1.000000
0.999712 -0.013389 0.019928 3.528500 0.011999 0.997592 0.068309 8.730400 -0.020794 -0.068051 0.997465 -1.456100 0.000000 0.000000 0.000000 1.000000
0.999690 -0.012880 0.021290 3.528500 0.011387 0.997565 0.068810 8.730400 -0.022124 -0.068547 0.997403 -1.456100 0.000000 0.000000 0.000000 1.000000
0.999665 -0.012327 0.022775 3.528500 0.010721 0.997534 0.069355 8.730400 -0.023574 -0.069087 0.997332 -1.456100 0.000000 0.000000 0.000000 1.000000
0.999636 -0.011760 0.024301 3.528500 0.010035 0.997502 0.069916 8.730400 -0.025062 -0.069646 0.997257 -1.456100 0.000000 0.000000 0.000000 1.000000
0.999605 -0.011208 0.025785 3.528500 0.009367 0.997471 0.070460 8.730400 -0.026509 -0.070191 0.997181 -1.456100 0.000000 0.000000 0.000000 1.000000
0.999574 -0.010703 0.027146 3.528500 0.008753 0.997441 0.070959 8.730400 -0.027836 -0.070691 0.997110 -1.456100 0.000000 0.000000 0.000000 1.000000
0.999547 -0.010275 0.028300 3.528500 0.008232 0.997415 0.071383 8.730400 -0.028961 -0.071118 0.997047 -1.456100 0.000000 0.000000 0.000000 1.000000
0.999525 -0.009954 0.029167 3.528500 0.007840 0.997395 0.071701 8.730400 -0.029805 -0.071438 0.997000 -1.456100 0.000000 0.000000 0.000000 1.000000</float_array><technique_common><accessor source="#LeftShoulder-Matrix-animation-output-transform-array" count="22" stride="16"><param type="float4x4"/></accessor></technique_common></source><source id="LeftShoulder-Interpolations"><Name_array id="LeftShoulder-Interpolations-array" count="22">
 LINEAR LINEAR LINEAR LINEAR LINEAR LINEAR LINEAR LINEAR LINEAR LINEAR LINEAR
LINEAR LINEAR LINEAR LINEAR LINEAR LINEAR LINEAR LINEAR LINEAR LINEAR LINEAR</Name_array><technique_common><accessor source="#LeftShoulder-Interpolations-array" count="22"><param type="name"/></accessor></technique_common></source><sampler id="LeftShoulder-Matrix-animation-transform"><input semantic="INPUT" source="#LeftShoulder-Matrix-animation-input"/><input semantic="OUTPUT" source="#LeftShoulder-Matrix-animation-output-transform"/><input semantic="INTERPOLATION" source="#LeftShoulder-Interpolations"/></sampler><channel source="#LeftShoulder-Matrix-animation-transform" target="LeftShoulder/matrix"/></animation>
    <animation id="LeftArm-anim" name="LeftArm"><source id="LeftArm-Matrix-animation-input"><float_array id="LeftArm-Matrix-animation-input-array" count="22">

0.000000 0.033333 0.066667 0.100000 0.133333 0.166667 0.200000 0.233333 0.266667 0.300000 0.333333 0.366667 0.400000 0.433333 0.466667 0.500000
0.533333 0.566667 0.600000 0.633333 0.666667 0.700000</float_array><technique_common><accessor source="#LeftArm-Matrix-animation-input-array" count="22"><param name="TIME" type="float"/></accessor></technique_common></source><source id="LeftArm-Matrix-animation-output-transform"><float_array id="LeftArm-Matrix-animation-output-transform-array" count="352">

0.993933 -0.093750 0.057525 7.613200 0.057303 0.887762 0.456721 -2.298200 -0.093886 -0.450654 0.887748 0.042100 0.000000 0.000000 0.000000 1.000000
0.994590 -0.087282 0.056327 7.613200 0.052038 0.887923 0.457039 -2.298200 -0.089905 -0.451636 0.887661 0.042100 0.000000 0.000000 0.000000 1.000000
0.995502 -0.078625 0.052849 7.613200 0.045867 0.888123 0.457312 -2.298200 -0.082893 -0.452831 0.887735 0.042100 0.000000 0.000000 0.000000 1.000000
0.996493 -0.068886 0.047506 7.613200 0.039582 0.888228 0.457694 -2.298200 -0.073725 -0.454208 0.887840 0.042100 0.000000 0.000000 0.000000 1.000000
0.997417 -0.059171 0.040724 7.613200 0.033974 0.888128 0.458339 -2.298200 -0.063289 -0.455772 0.887844 0.042100 0.000000 0.000000 0.000000 1.000000
0.998176 -0.050590 0.032946 7.613200 0.029829 0.887726 0.459405 -2.298200 -0.052488 -0.457584 0.887616 0.042100 0.000000 0.000000 0.000000 1.000000
0.998722 -0.044209 0.024507 7.613200 0.027949 0.886951 0.461017 -2.298200 -0.042118 -0.459743 0.887053 0.042100 0.000000 0.000000 0.000000 1.000000
0.999068 -0.040405 0.015213 7.613200 0.028777 0.885889 0.463003 -2.298200 -0.032185 -0.462134 0.886226 0.042100 0.000000 0.000000 0.000000 1.000000
0.999229 -0.038827 0.005833 7.613200 0.031662 0.884715 0.465056 -2.298200 -0.023217 -0.464513 0.885262 0.042100 0.000000 0.000000 0.000000 1.000000
0.999233 -0.039082 -0.002527 7.613200 0.035740 0.883593 0.466890 -2.298200 -0.016014 -0.466622 0.884312 0.042100 0.000000 0.000000 0.000000 1.000000
0.999129 -0.040789 -0.008760 7.613200 0.040141 0.882700 0.468220 -2.298200 -0.011365 -0.468164 0.883568 0.042100 0.000000 0.000000 0.000000 1.000000
0.998981 -0.043574 -0.011760 7.613200 0.043999 0.882226 0.468765 -2.298200 -0.010051 -0.468805 0.883245 0.042100 0.000000 0.000000 0.000000 1.000000
0.998803 -0.047751 -0.010603 7.613200 0.047154 0.882338 0.468248 -2.298200 -0.013004 -0.468188 0.883533 0.042100 0.000000 0.000000 0.000000 1.000000
0.998518 -0.054131 -0.005617 7.613200 0.050492 0.882971 0.466704 -2.298200 -0.020304 -0.466296 0.884396 0.042100 0.000000 0.000000 0.000000 1.000000
0.998078 -0.061942 0.002119 7.613200 0.053872 0.883938 0.464491 -2.298200 -0.030644 -0.463484 0.885575 0.042100 0.000000 0.000000 0.000000 1.000000
0.997464 -0.070243 0.011483 7.613200 0.057009 0.885053 0.461986 -2.298200 -0.042614 -0.460160 0.886813 0.042100 0.000000 0.000000 0.000000 1.000000
0.996716 -0.078112 0.021341 7.613200 0.059606 0.886139 0.459570 -2.298200 -0.054809 -0.456789 0.887885 0.042100 0.000000 0.000000 0.000000 1.000000
0.995940 -0.084662 0.030579 7.613200 0.061353 0.887025 0.457627 -2.298200 -0.065868 -0.453893 0.888618 0.042100 0.000000 0.000000 0.000000 1.000000
0.995239 -0.089342 0.038941 7.613200 0.061814 0.887568 0.456512 -2.298200 -0.075349 -0.451931 0.888865 0.042100 0.000000 0.000000 0.000000 1.000000
0.994647 -0.092278 0.046492 7.613200 0.061044 0.887804 0.456155 -2.298200 -0.083369 -0.450875 0.888685 0.042100 0.000000 0.000000 0.000000 1.000000
0.994200 -0.093682 0.052822 7.613200 0.059415 0.887835 0.456309 -2.298200 -0.089645 -0.450524 0.888252 0.042100 0.000000 0.000000 0.000000 1.000000
0.993933 -0.093750 0.057525 7.613200 0.057303 0.887762 0.456721 -2.298200 -0.093886 -0.450654 0.887748 0.042100 0.000000 0.000000 0.000000 1.000000</float_array><technique_common><accessor source="#LeftArm-Matrix-animation-output-transform-array" count="22" stride="16"><param type="float4x4"/></accessor></technique_common></source><source id="LeftArm-Interpolations"><Name_array id="LeftArm-Interpolations-array" count="22">
 LINEAR LINEAR LINEAR LINEAR LINEAR LINEAR LINEAR LINEAR LINEAR LINEAR LINEAR
LINEAR LINEAR LINEAR LINEAR LINEAR LINEAR LINEAR LINEAR LINEAR LINEAR LINEAR</Name_array><technique_common><accessor source="#LeftArm-Interpolations-array" count="22"><param type="name"/></accessor></technique_common></source><sampler id="LeftArm-Matrix-animation-transform"><input semantic="INPUT" source="#LeftArm-Matrix-animation-input"/><input semantic="OUTPUT" source="#LeftArm-Matrix-animation-output-transform"/><input semantic="INTERPOLATION" source="#LeftArm-Interpolations"/></sampler><channel source="#LeftArm-Matrix-animation-transform" target="LeftArm/matrix"/></animation>
    <animation id="LeftForeArm-anim" name="LeftForeArm"><source id="LeftForeArm-Matrix-animation-input"><float_array id="LeftForeArm-Matrix-animation-input-array" count="22">

0.000000 0.033333 0.066667 0.100000 0.133333 0.166667 0.200000 0.233333 0.266667 0.300000 0.333333 0.366667 0.400000 0.433333 0.466667 0.500000
0.533333 0.566667 0.600000 0.633333 0.666667 0.700000</float_array><technique_common><accessor source="#LeftForeArm-Matrix-animation-input-array" count="22"><param name="TIME" type="float"/></accessor></technique_common></source><source id="LeftForeArm-Matrix-animation-output-transform"><float_array id="LeftForeArm-Matrix-animation-output-transform-array" count="352">

