<?xml version="1.0" encoding="utf-8"?>
<COLLADA xmlns="http://www.collada.org/2005/11/COLLADASchema" version="1.4.1">
  <asset><contributor><author>Mixamo</author><authoring_tool>COLLADA Mixamo exporter</authoring_tool><comments></comments></contributor><created>2018-11-01T19:33:49Z</created><modified>2018-11-01T19:33:49Z</modified><revision></revision><title></title><unit meter="0.010000"/><up_axis>Y_UP</up_axis></asset>
  <library_animations>
    <animation id="Hips-anim" name="Hips"><source id="Hips-Matrix-animation-input"><float_array id="Hips-Matrix-animation-input-array" count="80">

0.000000 0.033333 0.066667 0.100000 0.133333 0.166667 0.200000 0.233333 0.266667 0.300000 0.333333 0.366667 0.400000 0.433333 0.466667 0.500000
0.533333 0.566667 0.600000 0.633333 0.666667 0.700000 0.733333 0.766667 0.800000 0.833333 0.866667 0.900000 0.933333 0.966667 1.000000 1.033333
1.066667 1.100000 1.133333 1.166667 1.200000 1.233333 1.266667 1.300000 1.333333 1.366667 1.400000 1.433333 1.466667 1.500000 1.533333 1.566667
1.600000 1.633333 1.666667 1.700000 1.733333 1.766667 1.800000 1.833333 1.866667 1.900000 1.933333 1.966667 2.000000 2.033333 2.066667 2.100000
2.133333 2.166667 2.200000 2.233333 2.266667 2.300000 2.333333 2.366667 2.400000 2.433333 2.466667 2.500000 2.533333 2.566667 2.600000 2.633333</float_array><technique_common><accessor source="#Hips-Matrix-animation-input-array" count="80"><param name="TIME" type="float"/></accessor></technique_common></source><source id="Hips-Matrix-animation-output-transform"><float_array id="Hips-Matrix-animation-output-transform-array" count="1280">

0.999937 -0.010660 -0.003517 0.134170 -0.003531 -0.001264 -0.999993 75.754128 0.010655 0.999942 -0.001302 -1.129783 0.000000 0.000000 0.000000 1.000000
0.999935 -0.010743 -0.003901 0.044449 -0.003917 -0.001467 -0.999991 75.769218 0.010737 0.999941 -0.001509 19.260777 0.000000 0.000000 0.000000 1.000000
0.999930 -0.010828 -0.004717 -0.043577 -0.004738 -0.001906 -0.999987 75.789093 0.010819 0.999940 -0.001957 39.648254 0.000000 0.000000 0.000000 1.000000
0.999923 -0.010870 -0.006064 -0.123678 -0.006093 -0.002644 -0.999978 75.821655 0.010853 0.999937 -0.002710 60.026688 0.000000 0.000000 0.000000 1.000000
0.999910 -0.010818 -0.007920 -0.191008 -0.007960 -0.003676 -0.999962 75.871063 0.010789 0.999935 -0.003762 80.392448 0.000000 0.000000 0.000000 1.000000
0.999891 -0.010680 -0.010170 -0.248665 -0.010223 -0.004940 -0.999936 75.930244 0.010629 0.999931 -0.005049 100.751465 0.000000 0.000000 0.000000 1.000000
0.999864 -0.010578 -0.012663 -0.308426 -0.012731 -0.006339 -0.999899 75.986305 0.010497 0.999924 -0.006473 121.119781 0.000000 0.000000 0.000000 1.000000
0.999826 -0.010728 -0.015282 -0.381819 -0.015366 -0.007780 -0.999852 76.028214 0.010607 0.999912 -0.007943 141.513596 0.000000 0.000000 0.000000 1.000000
0.999780 -0.011049 -0.017852 -0.466517 -0.017954 -0.009172 -0.999797 76.057785 0.010883 0.999897 -0.009368 161.932816 0.000000 0.000000 0.000000 1.000000
0.999731 -0.011340 -0.020244 -0.551964 -0.020363 -0.010467 -0.999738 76.083519 0.011125 0.999881 -0.010695 182.368134 0.000000 0.000000 0.000000 1.000000
0.999683 -0.011485 -0.022422 -0.630717 -0.022556 -0.011657 -0.999678 76.112091 0.011220 0.999866 -0.011912 202.812439 0.000000 0.000000 0.000000 1.000000
0.999635 -0.011528 -0.024428 -0.702844 -0.024574 -0.012762 -0.999617 76.144127 0.011212 0.999852 -0.013041 223.264984 0.000000 0.000000 0.000000 1.000000
0.999586 -0.011573 -0.026346 -0.772369 -0.026505 -0.013818 -0.999553 76.176819 0.011204 0.999838 -0.014119 243.727005 0.000000 0.000000 0.000000 1.000000
0.999534 -0.011676 -0.028219 -0.839471 -0.028391 -0.014841 -0.999487 76.208282 0.011252 0.999822 -0.015166 264.197205 0.000000 0.000000 0.000000 1.000000
0.999479 -0.011817 -0.030031 -0.901905 -0.030216 -0.015825 -0.999418 76.238876 0.011335 0.999805 -0.016174 284.670776 0.000000 0.000000 0.000000 1.000000
0.999425 -0.011942 -0.031732 -0.958094 -0.031930 -0.016750 -0.999350 76.269783 0.011403 0.999788 -0.017122 305.143402 0.000000 0.000000 0.000000 1.000000
0.999374 -0.012027 -0.033260 -1.008788 -0.033469 -0.017583 -0.999285 76.301369 0.011433 0.999773 -0.017974 325.614166 0.000000 0.000000 0.000000 1.000000
0.999329 -0.012084 -0.034588 -1.055067 -0.034806 -0.018307 -0.999226 76.332878 0.011442 0.999759 -0.018716 346.084442 0.000000 0.000000 0.000000 1.000000
0.999288 -0.012118 -0.035725 -1.095481 -0.035950 -0.018930 -0.999174 76.362686 0.011432 0.999747 -0.019352 366.555359 0.000000 0.000000 0.000000 1.000000
0.999253 -0.012077 -0.036720 -1.125962 -0.036951 -0.019486 -0.999127 76.388367 0.011351 0.999737 -0.019917 387.026367 0.000000 0.000000 0.000000 1.000000
0.999221 -0.011938 -0.037610 -1.143437 -0.037843 -0.020000 -0.999084 76.407280 0.011174 0.999729 -0.020437 407.498077 0.000000 0.000000 0.000000 1.000000
0.999193 -0.011773 -0.038404 -1.148647 -0.038639 -0.020469 -0.999044 76.417900 0.010976 0.999721 -0.020907 427.974731 0.000000 0.000000 0.000000 1.000000
0.999169 -0.011697 -0.039047 -1.144437 -0.039285 -0.020840 -0.999011 76.421227 0.010872 0.999714 -0.021283 448.459869 0.000000 0.000000 0.000000 1.000000
0.999153 -0.011703 -0.039454 -1.131761 -0.039695 -0.021068 -0.998990 76.419952 0.010860 0.999710 -0.021515 468.951660 0.000000 0.000000 0.000000 1.000000
0.999148 -0.011681 -0.039572 -1.109860 -0.039813 -0.021138 -0.998984 76.415787 0.010833 0.999708 -0.021585 489.444061 0.000000 0.000000 0.000000 1.000000
0.999155 -0.011590 -0.039434 -1.079243 -0.039672 -0.021074 -0.998990 76.408424 0.010747 0.999711 -0.021516 509.932556 0.000000 0.000000 0.000000 1.000000
0.999169 -0.011484 -0.039118 -1.041603 -0.039352 -0.020914 -0.999007 76.397118 0.010654 0.999715 -0.021348 530.415466 0.000000 0.000000 0.000000 1.000000
0.999186 -0.011409 -0.038684 -0.998908 -0.038914 -0.020681 -0.999029 76.382324 0.010598 0.999721 -0.021108 550.890930 0.000000 0.000000 0.000000 1.000000
0.999208 -0.011351 -0.038127 -0.955846 -0.038353 -0.020377 -0.999056 76.364006 0.010563 0.999728 -0.020796 571.356934 0.000000 0.000000 0.000000 1.000000
0.999236 -0.011288 -0.037405 -0.921176 -0.037625 -0.019981 -0.999092 76.338524 0.010530 0.999737 -0.020390 591.816772 0.000000 0.000000 0.000000 1.000000
0.999270 -0.011253 -0.036498 -0.900842 -0.036712 -0.019479 -0.999136 76.299789 0.010532 0.999747 -0.019878 612.277100 0.000000 0.000000 0.000000 1.000000
0.999309 -0.011284 -0.035425 -0.887386 -0.035634 -0.018878 -0.999187 76.245201 0.010606 0.999758 -0.019267 632.742188 0.000000 0.000000 0.000000 1.000000
0.999351 -0.011350 -0.034198 -0.861347 -0.034401 -0.018188 -0.999243 76.179901 0.010720 0.999770 -0.018566 653.209229 0.000000 0.000000 0.000000 1.000000
0.999396 -0.011361 -0.032838 -0.806482 -0.033033 -0.017433 -0.999302 76.114853 0.010781 0.999783 -0.017798 673.672791 0.000000 0.000000 0.000000 1.000000
0.999445 -0.011230 -0.031361 -0.720234 -0.031546 -0.016633 -0.999364 76.060570 0.010702 0.999799 -0.016978 694.130493 0.000000 0.000000 0.000000 1.000000
0.999495 -0.010955 -0.029825 -0.611978 -0.029996 -0.015820 -0.999425 76.021538 0.010477 0.999815 -0.016141 714.584717 0.000000 0.000000 0.000000 1.000000
0.999543 -0.010602 -0.028307 -0.493433 -0.028465 -0.015028 -0.999482 75.993958 0.010171 0.999831 -0.015323 735.037781 0.000000 0.000000 0.000000 1.000000
0.999586 -0.010266 -0.026872 -0.371955 -0.027017 -0.014278 -0.999533 75.970169 0.009877 0.999845 -0.014549 755.491333 0.000000 0.000000 0.000000 1.000000
0.999624 -0.010024 -0.025516 -0.251147 -0.025651 -0.013557 -0.999579 75.944092 0.009673 0.999858 -0.013809 775.944092 0.000000 0.000000 0.000000 1.000000
0.999658 -0.009896 -0.024188 -0.134728 -0.024315 -0.012832 -0.999622 75.914642 0.009582 0.999869 -0.013068 796.395874 0.000000 0.000000 0.000000 1.000000
0.999691 -0.009850 -0.022816 -0.026052 -0.022934 -0.012071 -0.999664 75.884384 0.009571 0.999879 -0.012293 816.845032 0.000000 0.000000 0.000000 1.000000
0.999723 -0.009851 -0.021358 0.075047 -0.021469 -0.011255 -0.999706 75.857216 0.009607 0.999888 -0.011464 837.289185 0.000000 0.000000 0.000000 1.000000
0.999755 -0.009871 -0.019834 0.172544 -0.019937 -0.010402 -0.999747 75.834770 0.009662 0.999897 -0.010596 857.725708 0.000000 0.000000 0.000000 1.000000
0.999784 -0.009898 -0.018282 0.270131 -0.018376 -0.009533 -0.999786 75.815231 0.009721 0.999906 -0.009713 878.155823 0.000000 0.000000 0.000000 1.000000
0.999811 -0.009920 -0.016745 0.368861 -0.016832 -0.008675 -0.999821 75.794029 0.009773 0.999913 -0.008840 898.583435 0.000000 0.000000 0.000000 1.000000
0.999834 -0.009940 -0.015237 0.468029 -0.015315 -0.007833 -0.999852 75.768044 0.009820 0.999920 -0.007984 919.014038 0.000000 0.000000 0.000000 1.000000
0.999855 -0.009988 -0.013772 0.566747 -0.013842 -0.007012 -0.999880 75.738190 0.009890 0.999926 -0.007149 939.450623 0.000000 0.000000 0.000000 1.000000
0.999873 -0.010117 -0.012340 0.663856 -0.012403 -0.006200 -0.999904 75.708687 0.010039 0.999930 -0.006324 959.894409 0.000000 0.000000 0.000000 1.000000
0.999887 -0.010345 -0.010908 0.756949 -0.010964 -0.005376 -0.999925 75.683266 0.010286 0.999932 -0.005489 980.343811 0.000000 0.000000 0.000000 1.000000
0.999899 -0.010631 -0.009479 0.843758 -0.009528 -0.004549 -0.999944 75.662132 0.010588 0.999933 -0.004650 1000.795227 0.000000 0.000000 0.000000 1.000000
0.999908 -0.010879 -0.008061 0.925266 -0.008102 -0.003734 -0.999960 75.642784 0.010849 0.999934 -0.003822 1021.241638 0.000000 0.000000 0.000000 1.000000
0.999917 -0.011002 -0.006692 1.004047 -0.006725 -0.002963 -0.999973 75.623009 0.010982 0.999935 -0.003037 1041.675537 0.000000 0.000000 0.000000 1.000000
0.999925 -0.010962 -0.005388 1.080214 -0.005413 -0.002245 -0.999983 75.602760 0.010949 0.999937 -0.002304 1062.094238 0.000000 0.000000 0.000000 1.000000
0.999932 -0.010833 -0.004207 1.149601 -0.004225 -0.001605 -0.999990 75.583504 0.010827 0.999940 -0.001651 1082.500488 0.000000 0.000000 0.000000 1.000000
0.999937 -0.010746 -0.003149 1.207857 -0.003160 -0.001029 -0.999994 75.566879 0.010742 0.999942 -0.001063 1102.900269 0.000000 0.000000 0.000000 1.000000
0.999939 -0.010787 -0.002465 1.253797 -0.002472 -0.000648 -0.999997 75.554916 0.010785 0.999942 -0.000674 1123.298462 0.000000 0.000000 0.000000 1.000000
0.999938 -0.010942 -0.002251 1.290877 -0.002257 -0.000513 -0.999997 75.550278 0.010941 0.999940 -0.000538 1143.694824 0.000000 0.000000 0.000000 1.000000
0.999935 -0.011079 -0.002569 1.324485 -0.002577 -0.000678 -0.999996 75.555809 0.011077 0.999938 -0.000706 1164.086426 0.000000 0.000000 0.000000 1.000000
0.999934 -0.011069 -0.003040 1.357477 -0.003050 -0.000940 -0.999995 75.571930 0.011066 0.999938 -0.000974 1184.471558 0.000000 0.000000 0.000000 1.000000
0.999934 -0.010923 -0.003514 1.386018 -0.003528 -0.001219 -0.999993 75.594170 0.010919 0.999940 -0.001258 1204.849243 0.000000 0.000000 0.000000 1.000000
0.999935 -0.010777 -0.003672 1.403365 -0.003686 -0.001322 -0.999992 75.614220 0.010772 0.999941 -0.001362 1225.225342 0.000000 0.000000 0.000000 1.000000
0.999936 -0.010742 -0.003550 1.405228 -0.003563 -0.001260 -0.999993 75.625008 0.010737 0.999942 -0.001298 1245.605103 0.000000 0.000000 0.000000 1.000000
0.999937 -0.010784 -0.003216 1.392739 -0.003227 -0.001072 -0.999994 75.625076 0.010781 0.999941 -0.001107 1265.991211 0.000000 0.000000 0.000000 1.000000
0.999938 -0.010783 -0.002906 1.368934 -0.002916 -0.000902 -0.999995 75.618973 0.010780 0.999941 -0.000934 1286.384155 0.000000 0.000000 0.000000 1.000000
0.999939 -0.010678 -0.002650 1.336432 -0.002658 -0.000769 -0.999996 75.613068 0.010676 0.999943 -0.000798 1306.784912 0.000000 0.000000 0.000000 1.000000
0.999941 -0.010554 -0.002575 1.297197 -0.002583 -0.000738 -0.999996 75.611633 0.010552 0.999944 -0.000765 1327.193359 0.000000 0.000000 0.000000 1.000000
0.999942 -0.010506 -0.002488 1.254259 -0.002496 -0.000693 -0.999997 75.614708 0.010504 0.999945 -0.000719 1347.605469 0.000000 0.000000 0.000000 1.000000
0.999941 -0.010580 -0.002423 1.208031 -0.002430 -0.000647 -0.999997 75.619446 0.010578 0.999944 -0.000673 1368.017090 0.000000 0.000000 0.000000 1.000000
0.999939 -0.010732 -0.002434 1.156341 -0.002441 -0.000639 -0.999997 75.622620 0.010730 0.999942 -0.000665 1388.423218 0.000000 0.000000 0.000000 1.000000
0.999938 -0.010845 -0.002532 1.096929 -0.002539 -0.000681 -0.999997 75.623497 0.010843 0.999941 -0.000709 1408.820679 0.000000 0.000000 0.000000 1.000000
0.999938 -0.010867 -0.002617 1.028468 -0.002625 -0.000726 -0.999996 75.624512 0.010865 0.999941 -0.000754 1429.208618 0.000000 0.000000 0.000000 1.000000
0.999937 -0.010811 -0.002909 0.949940 -0.002919 -0.000892 -0.999995 75.629486 0.010808 0.999941 -0.000923 1449.583984 0.000000 0.000000 0.000000 1.000000
0.999938 -0.010723 -0.003148 0.860848 -0.003160 -0.001033 -0.999994 75.640190 0.010720 0.999942 -0.001067 1469.946167 0.000000 0.000000 0.000000 1.000000
0.999937 -0.010669 -0.003424 0.759576 -0.003437 -0.001195 -0.999993 75.655296 0.010665 0.999942 -0.001231 1490.295654 0.000000 0.000000 0.000000 1.000000
0.999937 -0.010642 -0.003579 0.647553 -0.003593 -0.001289 -0.999993 75.671738 0.010638 0.999943 -0.001327 1510.637939 0.000000 0.000000 0.000000 1.000000
0.999937 -0.010627 -0.003582 0.530918 -0.003596 -0.001298 -0.999993 75.687927 0.010622 0.999943 -0.001337 1530.982910 0.000000 0.000000 0.000000 1.000000
0.999938 -0.010581 -0.003501 0.419309 -0.003515 -0.001262 -0.999993 75.705383 0.010576 0.999943 -0.001299 1551.339600 0.000000 0.000000 0.000000 1.000000
0.999938 -0.010569 -0.003394 0.317557 -0.003407 -0.001206 -0.999993 75.722511 0.010564 0.999943 -0.001242 1571.713013 0.000000 0.000000 0.000000 1.000000
0.999938 -0.010598 -0.003393 0.224101 -0.003406 -0.001203 -0.999993 75.738914 0.010593 0.999943 -0.001239 1592.098022 0.000000 0.000000 0.000000 1.000000
0.999937 -0.010660 -0.003517 0.134180 -0.003530 -0.001264 -0.999993 75.754089 0.010655 0.999942 -0.001302 1612.487549 0.000000 0.000000 0.000000 1.000000</float_array><technique_common><accessor source="#Hips-Matrix-animation-output-transform-array" count="80" stride="16"><param type="float4x4"/></accessor></technique_common></source><source id="Hips-Interpolations"><Name_array id="Hips-Interpolations-array" count="80">
 LINEAR LINEAR LINEAR LINEAR LINEAR LINEAR LINEAR LINEAR LINEAR LINEAR LINEAR
LINEAR LINEAR LINEAR LINEAR LINEAR LINEAR LINEAR LINEAR LINEAR LINEAR LINEAR LINEAR
LINEAR LINEAR LINEAR LINEAR LINEAR LINEAR LINEAR LINEAR LINEAR LINEAR LINEAR LINEAR
LINEAR LINEAR LINEAR LINEAR LINEAR LINEAR LINEAR LINEAR LINEAR LINEAR LINEAR LINEAR
LINEAR LINEAR LINEAR LINEAR LINEAR LINEAR LINEAR LINEAR LINEAR LINEAR LINEAR LINEAR
LINEAR LINEAR LINEAR LINEAR LINEAR LINEAR LINEAR LINEAR LINEAR LINEAR LINEAR LINEAR
LINEAR LINEAR LINEAR LINEAR LINEAR LINEAR LINEAR LINEAR LINEAR</Name_array><technique_common><accessor source="#Hips-Interpolations-array" count="80"><param type="name"/></accessor></technique_common></source><sampler id="Hips-Matrix-animation-transform"><input semantic="INPUT" source="#Hips-Matrix-animation-input"/><input semantic="OUTPUT" source="#Hips-Matrix-animation-output-transform"/><input semantic="INTERPOLATION" source="#Hips-Interpolations"/></sampler><channel source="#Hips-Matrix-animation-transform" target="Hips/matrix"/></animation>
    <animation id="Spine-anim" name="Spine"><source id="Spine-Matrix-animation-input"><float_array id="Spine-Matrix-animation-input-array" count="80">

0.000000 0.033333 0.066667 0.100000 0.133333 0.166667 0.200000 0.233333 0.266667 0.300000 0.333333 0.366667 0.400000 0.433333 0.466667 0.500000
0.533333 0.566667 0.600000 0.633333 0.666667 0.700000 0.733333 0.766667 0.800000 0.833333 0.866667 0.900000 0.933333 0.966667 1.000000 1.033333
1.066667 1.100000 1.133333 1.166667 1.200000 1.233333 1.266667 1.300000 1.333333 1.366667 1.400000 1.433333 1.466667 1.500000 1.533333 1.566667
1.600000 1.633333 1.666667 1.700000 1.733333 1.766667 1.800000 1.833333 1.866667 1.900000 1.933333 1.966667 2.000000 2.033333 2.066667 2.100000
2.133333 2.166667 2.200000 2.233333 2.266667 2.300000 2.333333 2.366667 2.400000 2.433333 2.466667 2.500000 2.533333 2.566667 2.600000 2.633333</float_array><technique_common><accessor source="#Spine-Matrix-animation-input-array" count="80"><param name="TIME" type="float"/></accessor></technique_common></source><source id="Spine-Matrix-animation-output-transform"><float_array id="Spine-Matrix-animation-output-transform-array" count="1280">

0.998700 0.015475 0.048578 0.009000 -0.021674 0.991304 0.129796 7.062600 -0.046146 -0.130680 0.990350 -0.984700 0.000000 0.000000 0.000000 1.000000
0.998701 0.013078 0.049240 0.009000 -0.019400 0.991298 0.130201 7.062600 -0.047109 -0.130987 0.990264 -0.984700 0.000000 0.000000 0.000000 1.000000
0.998709 0.010353 0.049728 0.009000 -0.016782 0.991284 0.130669 7.062600 -0.047942 -0.131335 0.990178 -0.984700 0.000000 0.000000 0.000000 1.000000
0.998725 0.007251 0.049955 0.009000 -0.013770 0.991230 0.131427 7.062600 -0.048564 -0.131947 0.990066 -0.984700 0.000000 0.000000 0.000000 1.000000
0.998742 0.003897 0.049993 0.009000 -0.010515 0.991086 0.132806 7.062600 -0.049029 -0.133165 0.989880 -0.984700 0.000000 0.000000 0.000000 1.000000
0.998749 0.000503 0.049999 0.009000 -0.007255 0.990826 0.134949 7.062600 -0.049472 -0.135143 0.989590 -0.984700 0.000000 0.000000 0.000000 1.000000
0.998740 -0.002834 0.050095 0.009000 -0.004116 0.990410 0.138100 7.062600 -0.050006 -0.138132 0.989151 -0.984700 0.000000 0.000000 0.000000 1.000000
0.998720 -0.006159 0.050202 0.009000 -0.001034 0.989863 0.142018 7.062600 -0.050568 -0.141888 0.988590 -0.984700 0.000000 0.000000 0.000000 1.000000
0.998690 -0.009511 0.050286 0.009000 0.002061 0.989257 0.146170 7.062600 -0.051136 -0.145875 0.987981 -0.984700 0.000000 0.000000 0.000000 1.000000
0.998646 -0.012988 0.050377 0.009000 0.005286 0.988656 0.150105 7.062600 -0.051755 -0.149635 0.987386 -0.984700 0.000000 0.000000 0.000000 1.000000
0.998586 -0.016479 0.050548 0.009000 0.008529 0.988093 0.153620 7.062600 -0.052478 -0.152971 0.986836 -0.984700 0.000000 0.000000 0.000000 1.000000
0.998515 -0.019756 0.050768 0.009000 0.011573 0.987580 0.156688 7.062600 -0.053233 -0.155868 0.986342 -0.984700 0.000000 0.000000 0.000000 1.000000
0.998440 -0.022739 0.050990 0.009000 0.014344 0.987119 0.159342 7.062600 -0.053957 -0.158362 0.985906 -0.984700 0.000000 0.000000 0.000000 1.000000
0.998361 -0.025464 0.051261 0.009000 0.016867 0.986705 0.161644 7.062600 -0.054696 -0.160515 0.985517 -0.984700 0.000000 0.000000 0.000000 1.000000
0.998282 -0.027867 0.051547 0.009000 0.019081 0.986328 0.163684 7.062600 -0.055404 -0.162419 0.985165 -0.984700 0.000000 0.000000 0.000000 1.000000
0.998219 -0.029770 0.051698 0.009000 0.020833 0.985987 0.165518 7.062600 -0.055901 -0.164146 0.984851 -0.984700 0.000000 0.000000 0.000000 1.000000
0.998182 -0.031112 0.051620 0.009000 0.022081 0.985692 0.167106 7.062600 -0.056080 -0.165663 0.984587 -0.984700 0.000000 0.000000 0.000000 1.000000
0.998165 -0.032074 0.051357 0.009000 0.023004 0.985459 0.168347 7.062600 -0.056010 -0.166857 0.984389 -0.984700 0.000000 0.000000 0.000000 1.000000
0.998155 -0.032945 0.051000 0.009000 0.023875 0.985290 0.169213 7.062600 -0.055825 -0.167683 0.984259 -0.984700 0.000000 0.000000 0.000000 1.000000
0.998145 -0.033901 0.050568 0.009000 0.024854 0.985154 0.169865 7.062600 -0.055576 -0.168293 0.984169 -0.984700 0.000000 0.000000 0.000000 1.000000
0.998139 -0.034879 0.050013 0.009000 0.025875 0.985010 0.170547 7.062600 -0.055212 -0.168935 0.984080 -0.984700 0.000000 0.000000 0.000000 1.000000
0.998146 -0.035723 0.049275 0.009000 0.026788 0.984847 0.171342 7.062600 -0.054649 -0.169704 0.983979 -0.984700 0.000000 0.000000 0.000000 1.000000
0.998170 -0.036406 0.048283 0.009000 0.027591 0.984698 0.172073 7.062600 -0.053809 -0.170426 0.983900 -0.984700 0.000000 0.000000 0.000000 1.000000
0.998211 -0.037047 0.046935 0.009000 0.028431 0.984599 0.172501 7.062600 -0.052602 -0.170858 0.983891 -0.984700 0.000000 0.000000 0.000000 1.000000
0.998269 -0.037678 0.045154 0.009000 0.029354 0.984554 0.172602 7.062600 -0.050960 -0.170978 0.983956 -0.984700 0.000000 0.000000 0.000000 1.000000
0.998349 -0.038088 0.042997 0.009000 0.030128 0.984533 0.172589 7.062600 -0.048905 -0.171008 0.984055 -0.984700 0.000000 0.000000 0.000000 1.000000
0.998451 -0.037965 0.040673 0.009000 0.030399 0.984504 0.172709 7.062600 -0.046600 -0.171205 0.984133 -0.984700 0.000000 0.000000 0.000000 1.000000
0.998571 -0.037172 0.038397 0.009000 0.029993 0.984458 0.173041 7.062600 -0.044233 -0.171642 0.984166 -0.984700 0.000000 0.000000 0.000000 1.000000
0.998699 -0.035905 0.036213 0.009000 0.029102 0.984411 0.173462 7.062600 -0.041877 -0.172182 0.984175 -0.984700 0.000000 0.000000 0.000000 1.000000
0.998822 -0.034608 0.034026 0.009000 0.028188 0.984379 0.173790 7.062600 -0.039509 -0.172626 0.984195 -0.984700 0.000000 0.000000 0.000000 1.000000
0.998931 -0.033612 0.031738 0.009000 0.027596 0.984369 0.173941 7.062600 -0.037089 -0.172879 0.984245 -0.984700 0.000000 0.000000 0.000000 1.000000
0.999029 -0.032804 0.029419 0.009000 0.027201 0.984380 0.173946 7.062600 -0.034665 -0.172976 0.984316 -0.984700 0.000000 0.000000 0.000000 1.000000
0.999120 -0.031738 0.027412 0.009000 0.026502 0.984423 0.173808 7.062600 -0.032502 -0.172928 0.984398 -0.984700 0.000000 0.000000 0.000000 1.000000
0.999203 -0.030165 0.026144 0.009000 0.025184 0.984527 0.173416 7.062600 -0.030970 -0.172620 0.984502 -0.984700 0.000000 0.000000 0.000000 1.000000
0.999267 -0.028314 0.025754 0.009000 0.023451 0.984701 0.172666 7.062600 -0.030249 -0.171935 0.984644 -0.984700 0.000000 0.000000 0.000000 1.000000
0.999309 -0.026529 0.026038 0.009000 0.021673 0.984912 0.171695 7.062600 -0.030199 -0.171012 0.984806 -0.984700 0.000000 0.000000 0.000000 1.000000
0.999336 -0.024858 0.026623 0.009000 0.019952 0.985094 0.170858 7.062600 -0.030473 -0.170213 0.984936 -0.984700 0.000000 0.000000 0.000000 1.000000
0.999365 -0.023080 0.027164 0.009000 0.018119 0.985198 0.170457 7.062600 -0.030696 -0.169857 0.984991 -0.984700 0.000000 0.000000 0.000000 1.000000
0.999403 -0.020998 0.027448 0.009000 0.016016 0.985221 0.170537 7.062600 -0.030623 -0.169995 0.984969 -0.984700 0.000000 0.000000 0.000000 1.000000
0.999450 -0.018606 0.027433 0.009000 0.013650 0.985192 0.170910 7.062600 -0.030207 -0.170442 0.984905 -0.984700 0.000000 0.000000 0.000000 1.000000
0.999499 -0.016030 0.027273 0.009000 0.011126 0.985157 0.171296 7.062600 -0.029614 -0.170907 0.984842 -0.984700 0.000000 0.000000 0.000000 1.000000
0.999538 -0.013430 0.027270 0.009000 0.008559 0.985156 0.171447 7.062600 -0.029167 -0.171134 0.984816 -0.984700 0.000000 0.000000 0.000000 1.000000
0.999557 -0.010978 0.027651 0.009000 0.006083 0.985210 0.171244 7.062600 -0.029122 -0.171000 0.984840 -0.984700 0.000000 0.000000 0.000000 1.000000
0.999559 -0.008760 0.028383 0.009000 0.003786 0.985302 0.170777 7.062600 -0.029462 -0.170594 0.984901 -0.984700 0.000000 0.000000 0.000000 1.000000
0.999551 -0.006695 0.029191 0.009000 0.001626 0.985391 0.170297 7.062600 -0.029905 -0.170173 0.984960 -0.984700 0.000000 0.000000 0.000000 1.000000
0.999547 -0.004564 0.029761 0.009000 -0.000564 0.985436 0.170045 7.062600 -0.030104 -0.169984 0.984987 -0.984700 0.000000 0.000000 0.000000 1.000000
0.999549 -0.002206 0.029934 0.009000 -0.002918 0.985430 0.170054 7.062600 -0.029873 -0.170065 0.984980 -0.984700 0.000000 0.000000 0.000000 1.000000
0.999556 0.000348 0.029790 0.009000 -0.005413 0.985407 0.170127 7.062600 -0.029296 -0.170213 0.984972 -0.984700 0.000000 0.000000 0.000000 1.000000
0.999560 0.002917 0.029516 0.009000 -0.007897 0.985405 0.170042 7.062600 -0.028590 -0.170201 0.984995 -0.984700 0.000000 0.000000 0.000000 1.000000
0.999556 0.005365 0.029295 0.009000 -0.010264 0.985436 0.169738 7.062600 -0.027958 -0.169963 0.985054 -0.984700 0.000000 0.000000 0.000000 1.000000
0.999542 0.007710 0.029272 0.009000 -0.012560 0.985484 0.169303 7.062600 -0.027542 -0.169593 0.985129 -0.984700 0.000000 0.000000 0.000000 1.000000
0.999514 0.010077 0.029514 0.009000 -0.014921 0.985532 0.168834 7.062600 -0.027386 -0.169192 0.985203 -0.984700 0.000000 0.000000 0.000000 1.000000
0.999473 0.012530 0.029949 0.009000 -0.017401 0.985567 0.168388 7.062600 -0.027407 -0.168820 0.985266 -0.984700 0.000000 0.000000 0.000000 1.000000
0.999423 0.015037 0.030459 0.009000 -0.019950 0.985578 0.168039 7.062600 -0.027492 -0.168550 0.985310 -0.984700 0.000000 0.000000 0.000000 1.000000
0.999366 0.017490 0.030997 0.009000 -0.022455 0.985555 0.167861 7.062600 -0.027614 -0.168450 0.985323 -0.984700 0.000000 0.000000 0.000000 1.000000
0.999305 0.019771 0.031611 0.009000 -0.024806 0.985510 0.167793 7.062600 -0.027835 -0.168461 0.985315 -0.984700 0.000000 0.000000 0.000000 1.000000
0.999238 0.021806 0.032375 0.009000 -0.026935 0.985493 0.167567 7.062600 -0.028251 -0.168311 0.985329 -0.984700 0.000000 0.000000 0.000000 1.000000
0.999168 0.023498 0.033344 0.009000 -0.028746 0.985564 0.166845 7.062600 -0.028942 -0.167665 0.985419 -0.984700 0.000000 0.000000 0.000000 1.000000
0.999095 0.024810 0.034557 0.009000 -0.030204 0.985742 0.165531 7.062600 -0.029957 -0.166425 0.985599 -0.984700 0.000000 0.000000 0.000000 1.000000
0.999015 0.025885 0.036042 0.009000 -0.031461 0.985973 0.163914 7.062600 -0.031293 -0.164887 0.985816 -0.984700 0.000000 0.000000 0.000000 1.000000
0.998922 0.026957 0.037793 0.009000 -0.032758 0.986177 0.162423 7.062600 -0.032892 -0.163486 0.985997 -0.984700 0.000000 0.000000 0.000000 1.000000
0.998818 0.028048 0.039694 0.009000 -0.034104 0.986329 0.161221 7.062600 -0.034630 -0.162384 0.986120 -0.984700 0.000000 0.000000 0.000000 1.000000
0.998722 0.028849 0.041487 0.009000 -0.035143 0.986486 0.160034 7.062600 -0.036310 -0.161287 0.986239 -0.984700 0.000000 0.000000 0.000000 1.000000
0.998661 0.028968 0.042851 0.009000 -0.035418 0.986746 0.158360 7.062600 -0.037696 -0.159666 0.986451 -0.984700 0.000000 0.000000 0.000000 1.000000
0.998649 0.028273 0.043590 0.009000 -0.034752 0.987162 0.155894 7.062600 -0.038622 -0.157199 0.986811 -0.984700 0.000000 0.000000 0.000000 1.000000
0.998676 0.026972 0.043795 0.009000 -0.033376 0.987694 0.152799 7.062600 -0.039135 -0.154058 0.987286 -0.984700 0.000000 0.000000 0.000000 1.000000
0.998719 0.025372 0.043776 0.009000 -0.031661 0.988248 0.149545 7.062600 -0.039467 -0.150740 0.987785 -0.984700 0.000000 0.000000 0.000000 1.000000
0.998758 0.023739 0.043816 0.009000 -0.029929 0.988754 0.146525 7.062600 -0.039845 -0.147655 0.988236 -0.984700 0.000000 0.000000 0.000000 1.000000
0.998784 0.022281 0.043977 0.009000 -0.028400 0.989197 0.143816 7.062600 -0.040298 -0.144890 0.988627 -0.984700 0.000000 0.000000 0.000000 1.000000
0.998800 0.021174 0.044163 0.009000 -0.027227 0.989592 0.141305 7.062600 -0.040711 -0.142338 0.988981 -0.984700 0.000000 0.000000 0.000000 1.000000
0.998806 0.020552 0.044321 0.009000 -0.026534 0.989948 0.138921 7.062600 -0.041020 -0.139932 0.989311 -0.984700 0.000000 0.000000 0.000000 1.000000
0.998802 0.020343 0.044504 0.009000 -0.026260 0.990265 0.136696 7.062600 -0.041290 -0.137701 0.989613 -0.984700 0.000000 0.000000 0.000000 1.000000
0.998790 0.020290 0.044792 0.009000 -0.026162 0.990544 0.134675 7.062600 -0.041636 -0.135684 0.989877 -0.984700 0.000000 0.000000 0.000000 1.000000
0.998774 0.020187 0.045210 0.009000 -0.026041 0.990791 0.132870 7.062600 -0.042112 -0.133885 0.990102 -0.984700 0.000000 0.000000 0.000000 1.000000
0.998755 0.019986 0.045703 0.009000 -0.025840 0.991004 0.131315 7.062600 -0.042667 -0.132332 0.990287 -0.984700 0.000000 0.000000 0.000000 1.000000
0.998736 0.019809 0.046205 0.009000 -0.025678 0.991166 0.130119 7.062600 -0.043220 -0.131141 0.990421 -0.984700 0.000000 0.000000 0.000000 1.000000
0.998714 0.019735 0.046692 0.009000 -0.025640 0.991252 0.129471 7.062600 -0.043729 -0.130501 0.990483 -0.984700 0.000000 0.000000 0.000000 1.000000
0.998703 0.019013 0.047241 0.009000 -0.024987 0.991293 0.129279 7.062600 -0.044372 -0.130292 0.990482 -0.984700 0.000000 0.000000 0.000000 1.000000
0.998699 0.017530 0.047879 0.009000 -0.023606 0.991306 0.129441 7.062600 -0.045193 -0.130403 0.990430 -0.984700 0.000000 0.000000 0.000000 1.000000
0.998700 0.015475 0.048578 0.009000 -0.021674 0.991304 0.129796 7.062600 -0.046146 -0.130680 0.990350 -0.984700 0.000000 0.000000 0.000000 1.000000</float_array><technique_common><accessor source="#Spine-Matrix-animation-output-transform-array" count="80" stride="16"><param type="float4x4"/></accessor></technique_common></source><source id="Spine-Interpolations"><Name_array id="Spine-Interpolations-array" count="80">
 LINEAR LINEAR LINEAR LINEAR LINEAR LINEAR LINEAR LINEAR LINEAR LINEAR LINEAR
LINEAR LINEAR LINEAR LINEAR LINEAR LINEAR LINEAR LINEAR LINEAR LINEAR LINEAR LINEAR
LINEAR LINEAR LINEAR LINEAR LINEAR LINEAR LINEAR LINEAR LINEAR LINEAR LINEAR LINEAR
LINEAR LINEAR LINEAR LINEAR LINEAR LINEAR LINEAR LINEAR LINEAR LINEAR LINEAR LINEAR
LINEAR LINEAR LINEAR LINEAR LINEAR LINEAR LINEAR LINEAR LINEAR LINEAR LINEAR LINEAR
LINEAR LINEAR LINEAR LINEAR LINEAR LINEAR LINEAR LINEAR LINEAR LINEAR LINEAR LINEAR
LINEAR LINEAR LINEAR LINEAR LINEAR LINEAR LINEAR LINEAR LINEAR</Name_array><technique_common><accessor source="#Spine-Interpolations-array" count="80"><param type="name"/></accessor></technique_common></source><sampler id="Spine-Matrix-animation-transform"><input semantic="INPUT" source="#Spine-Matrix-animation-input"/><input semantic="OUTPUT" source="#Spine-Matrix-animation-output-transform"/><input semantic="INTERPOLATION" source="#Spine-Interpolations"/></sampler><channel source="#Spine-Matrix-animation-transform" target="Spine/matrix"/></animation>
    <animation id="Spine1-anim" name="Spine1"><source id="Spine1-Matrix-animation-input"><float_array id="Spine1-Matrix-animation-input-array" count="80">

0.000000 0.033333 0.066667 0.100000 0.133333 0.166667 0.200000 0.233333 0.266667 0.300000 0.333333 0.366667 0.400000 0.433333 0.466667 0.500000
0.533333 0.566667 0.600000 0.633333 0.666667 0.700000 0.733333 0.766667 0.800000 0.833333 0.866667 0.900000 0.933333 0.966667 1.000000 1.033333
1.066667 1.100000 1.133333 1.166667 1.200000 1.233333 1.266667 1.300000 1.333333 1.366667 1.400000 1.433333 1.466667 1.500000 1.533333 1.566667
1.600000 1.633333 1.666667 1.700000 1.733333 1.766667 1.800000 1.833333 1.866667 1.900000 1.933333 1.966667 2.000000 2.033333 2.066667 2.100000
2.133333 2.166667 2.200000 2.233333 2.266667 2.300000 2.333333 2.366667 2.400000 2.433333 2.466667 2.500000 2.533333 2.566667 2.600000 2.633333</float_array><technique_common><accessor source="#Spine1-Matrix-animation-input-array" count="80"><param name="TIME" type="float"/></accessor></technique_common></source><source id="Spine1-Matrix-animation-output-transform"><float_array id="Spine1-Matrix-animation-output-transform-array" count="1280">

0.999946 0.003647 0.009703 0.012400 -0.003899 0.999653 0.026038 8.239700 -0.009604 -0.026075 0.999614 -1.148800 0.000000 0.000000 0.000000 1.000000
0.999946 0.003158 0.009870 0.012400 -0.003415 0.999654 0.026083 8.239700 -0.009784 -0.026115 0.999611 -1.148800 0.000000 0.000000 0.000000 1.000000
0.999947 0.002608 0.010005 0.012400 -0.002869 0.999655 0.026126 8.239700 -0.009933 -0.026153 0.999609 -1.148800 0.000000 0.000000 0.000000 1.000000
0.999947 0.002007 0.010097 0.012400 -0.002271 0.999654 0.026212 8.239700 -0.010041 -0.026234 0.999605 -1.148800 0.000000 0.000000 0.000000 1.000000
0.999947 0.001401 0.010168 0.012400 -0.001670 0.999649 0.026422 8.239700 -0.010127 -0.026438 0.999599 -1.148800 0.000000 0.000000 0.000000 1.000000
0.999947 0.000832 0.010250 0.012400 -0.001106 0.999640 0.026798 8.239700 -0.010224 -0.026808 0.999588 -1.148800 0.000000 0.000000 0.000000 1.000000
0.999946 0.000281 0.010363 0.012400 -0.000565 0.999624 0.027407 8.239700 -0.010351 -0.027411 0.999571 -1.148800 0.000000 0.000000 0.000000 1.000000
0.999945 -0.000334 0.010475 0.012400 0.000039 0.999602 0.028196 8.239700 -0.010480 -0.028194 0.999548 -1.148800 0.000000 0.000000 0.000000 1.000000
0.999944 -0.001009 0.010577 0.012400 0.000702 0.999578 0.029047 8.239700 -0.010601 -0.029038 0.999522 -1.148800 0.000000 0.000000 0.000000 1.000000
0.999941 -0.001713 0.010683 0.012400 0.001393 0.999553 0.029858 8.239700 -0.010729 -0.029842 0.999497 -1.148800 0.000000 0.000000 0.000000 1.000000
0.999939 -0.002388 0.010811 0.012400 0.002056 0.999530 0.030582 8.239700 -0.010879 -0.030558 0.999474 -1.148800 0.000000 0.000000 0.000000 1.000000
0.999936 -0.002998 0.010949 0.012400 0.002655 0.999509 0.031213 8.239700 -0.011037 -0.031181 0.999453 -1.148800 0.000000 0.000000 0.000000 1.000000
0.999932 -0.003549 0.011079 0.012400 0.003196 0.999491 0.031757 8.239700 -0.011186 -0.031719 0.999434 -1.148800 0.000000 0.000000 0.000000 1.000000
0.999929 -0.004061 0.011210 0.012400 0.003698 0.999474 0.032228 8.239700 -0.011335 -0.032185 0.999418 -1.148800 0.000000 0.000000 0.000000 1.000000
0.999926 -0.004513 0.011335 0.012400 0.004141 0.999458 0.032643 8.239700 -0.011476 -0.032594 0.999403 -1.148800 0.000000 0.000000 0.000000 1.000000
0.999923 -0.004864 0.011422 0.012400 0.004484 0.999445 0.033014 8.239700 -0.011576 -0.032960 0.999390 -1.148800 0.000000 0.000000 0.000000 1.000000
0.999921 -0.005102 0.011451 0.012400 0.004717 0.999433 0.033335 8.239700 -0.011615 -0.033279 0.999379 -1.148800 0.000000 0.000000 0.000000 1.000000
0.999921 -0.005267 0.011432 0.012400 0.004881 0.999424 0.033591 8.239700 -0.011603 -0.033533 0.999370 -1.148800 0.000000 0.000000 0.000000 1.000000
0.999920 -0.005414 0.011390 0.012400 0.005027 0.999417 0.033776 8.239700 -0.011566 -0.033716 0.999365 -1.148800 0.000000 0.000000 0.000000 1.000000
0.999920 -0.005563 0.011337 0.012400 0.005176 0.999411 0.033917 8.239700 -0.011519 -0.033856 0.999360 -1.148800 0.000000 0.000000 0.000000 1.000000
0.999920 -0.005701 0.011266 0.012400 0.005314 0.999406 0.034063 8.239700 -0.011453 -0.034001 0.999356 -1.148800 0.000000 0.000000 0.000000 1.000000
0.999921 -0.005819 0.011156 0.012400 0.005434 0.999399 0.034233 8.239700 -0.011349 -0.034170 0.999352 -1.148800 0.000000 0.000000 0.000000 1.000000
0.999922 -0.005937 0.010984 0.012400 0.005556 0.999393 0.034396 8.239700 -0.011182 -0.034332 0.999348 -1.148800 0.000000 0.000000 0.000000 1.000000
0.999924 -0.006081 0.010729 0.012400 0.005707 0.999388 0.034507 8.239700 -0.010932 -0.034443 0.999347 -1.148800 0.000000 0.000000 0.000000 1.000000
0.999927 -0.006235 0.010379 0.012400 0.005873 0.999385 0.034558 8.239700 -0.010588 -0.034494 0.999349 -1.148800 0.000000 0.000000 0.000000 1.000000
0.999930 -0.006349 0.009949 0.012400 0.006002 0.999383 0.034593 8.239700 -0.010162 -0.034531 0.999352 -1.148800 0.000000 0.000000 0.000000 1.000000
0.999935 -0.006363 0.009476 0.012400 0.006031 0.999381 0.034663 8.239700 -0.009690 -0.034603 0.999354 -1.148800 0.000000 0.000000 0.000000 1.000000
0.999940 -0.006251 0.009001 0.012400 0.005934 0.999377 0.034781 8.239700 -0.009213 -0.034726 0.999354 -1.148800 0.000000 0.000000 0.000000 1.000000
0.999945 -0.006044 0.008536 0.012400 0.005742 0.999374 0.034918 8.239700 -0.008742 -0.034867 0.999354 -1.148800 0.000000 0.000000 0.000000 1.000000
0.999950 -0.005833 0.008069 0.012400 0.005547 0.999371 0.035035 8.239700 -0.008268 -0.034989 0.999354 -1.148800 0.000000 0.000000 0.000000 1.000000
0.999955 -0.005701 0.007581 0.012400 0.005431 0.999368 0.035116 8.239700 -0.007776 -0.035073 0.999355 -1.148800 0.000000 0.000000 0.000000 1.000000
0.999959 -0.005636 0.007082 0.012400 0.005383 0.999367 0.035167 8.239700 -0.007276 -0.035127 0.999356 -1.148800 0.000000 0.000000 0.000000 1.000000
0.999963 -0.005529 0.006638 0.012400 0.005292 0.999367 0.035183 8.239700 -0.006829 -0.035146 0.999359 -1.148800 0.000000 0.000000 0.000000 1.000000
0.999966 -0.005291 0.006337 0.012400 0.005065 0.999370 0.035130 8.239700 -0.006519 -0.035097 0.999363 -1.148800 0.000000 0.000000 0.000000 1.000000
0.999968 -0.004944 0.006216 0.012400 0.004724 0.999377 0.034984 8.239700 -0.006385 -0.034953 0.999369 -1.148800 0.000000 0.000000 0.000000 1.000000
0.999970 -0.004565 0.006240 0.012400 0.004345 0.999386 0.034778 8.239700 -0.006395 -0.034749 0.999376 -1.148800 0.000000 0.000000 0.000000 1.000000
0.999971 -0.004188 0.006335 0.012400 0.003966 0.999394 0.034592 8.239700 -0.006476 -0.034566 0.999381 -1.148800 0.000000 0.000000 0.000000 1.000000
0.999972 -0.003787 0.006423 0.012400 0.003564 0.999398 0.034498 8.239700 -0.006550 -0.034474 0.999384 -1.148800 0.000000 0.000000 0.000000 1.000000
0.999974 -0.003341 0.006454 0.012400 0.003116 0.999399 0.034512 8.239700 -0.006565 -0.034491 0.999383 -1.148800 0.000000 0.000000 0.000000 1.000000
0.999975 -0.002856 0.006415 0.012400 0.002632 0.999398 0.034600 8.239700 -0.006510 -0.034583 0.999381 -1.148800 0.000000 0.000000 0.000000 1.000000
0.999977 -0.002355 0.006337 0.012400 0.002134 0.999395 0.034700 8.239700 -0.006415 -0.034686 0.999378 -1.148800 0.000000 0.000000 0.000000 1.000000
0.999979 -0.001859 0.006285 0.012400 0.001639 0.999395 0.034746 8.239700 -0.006346 -0.034735 0.999376 -1.148800 0.000000 0.000000 0.000000 1.000000
0.999979 -0.001382 0.006310 0.012400 0.001162 0.999397 0.034704 8.239700 -0.006354 -0.034696 0.999378 -1.148800 0.000000 0.000000 0.000000 1.000000
0.999979 -0.000934 0.006410 0.012400 0.000712 0.999401 0.034594 8.239700 -0.006438 -0.034589 0.999381 -1.148800 0.000000 0.000000 0.000000 1.000000
0.999979 -0.000505 0.006530 0.012400 0.000280 0.999405 0.034480 8.239700 -0.006544 -0.034478 0.999384 -1.148800 0.000000 0.000000 0.000000 1.000000
0.999978 -0.000070 0.006603 0.012400 -0.000157 0.999407 0.034424 8.239700 -0.006602 -0.034425 0.999385 -1.148800 0.000000 0.000000 0.000000 1.000000
0.999978 0.000388 0.006591 0.012400 -0.000614 0.999407 0.034435 8.239700 -0.006573 -0.034439 0.999385 -1.148800 0.000000 0.000000 0.000000 1.000000
0.999978 0.000854 0.006503 0.012400 -0.001077 0.999405 0.034468 8.239700 -0.006470 -0.034474 0.999385 -1.148800 0.000000 0.000000 0.000000 1.000000
0.999979 0.001295 0.006382 0.012400 -0.001514 0.999405 0.034471 8.239700 -0.006333 -0.034480 0.999385 -1.148800 0.000000 0.000000 0.000000 1.000000
0.999979 0.001695 0.006267 0.012400 -0.001910 0.999405 0.034428 8.239700 -0.006205 -0.034440 0.999388 -1.148800 0.000000 0.000000 0.000000 1.000000
0.999979 0.002079 0.006196 0.012400 -0.002291 0.999407 0.034356 8.239700 -0.006121 -0.034369 0.999390 -1.148800 0.000000 0.000000 0.000000 1.000000
0.999978 0.002495 0.006185 0.012400 -0.002705 0.999409 0.034273 8.239700 -0.006096 -0.034289 0.999393 -1.148800 0.000000 0.000000 0.000000 1.000000
0.999976 0.002970 0.006223 0.012400 -0.003181 0.999410 0.034193 8.239700 -0.006117 -0.034212 0.999396 -1.148800 0.000000 0.000000 0.000000 1.000000
0.999974 0.003485 0.006281 0.012400 -0.003697 0.999410 0.034133 8.239700 -0.006158 -0.034156 0.999398 -1.148800 0.000000 0.000000 0.000000 1.000000
0.999972 0.003990 0.006347 0.012400 -0.004204 0.999409 0.034113 8.239700 -0.006208 -0.034138 0.999398 -1.148800 0.000000 0.000000 0.000000 1.000000
0.999969 0.004440 0.006427 0.012400 -0.004656 0.999407 0.034118 8.239700 -0.006272 -0.034147 0.999397 -1.148800 0.000000 0.000000 0.000000 1.000000
0.999967 0.004820 0.006535 0.012400 -0.005040 0.999406 0.034091 8.239700 -0.006367 -0.034122 0.999397 -1.148800 0.000000 0.000000 0.000000 1.000000
0.999964 0.005145 0.006691 0.012400 -0.005369 0.999409 0.033955 8.239700 -0.006512 -0.033990 0.999401 -1.148800 0.000000 0.000000 0.000000 1.000000
0.999961 0.005439 0.006908 0.012400 -0.005669 0.999416 0.033689 8.239700 -0.006721 -0.033727 0.999408 -1.148800 0.000000 0.000000 0.000000 1.000000
0.999958 0.005728 0.007193 0.012400 -0.005965 0.999426 0.033354 8.239700 -0.006997 -0.033396 0.999418 -1.148800 0.000000 0.000000 0.000000 1.000000
0.999953 0.006022 0.007532 0.012400 -0.006268 0.999434 0.033037 8.239700 -0.007329 -0.033083 0.999426 -1.148800 0.000000 0.000000 0.000000 1.000000
0.999949 0.006299 0.007899 0.012400 -0.006554 0.999441 0.032779 8.239700 -0.007688 -0.032829 0.999431 -1.148800 0.000000 0.000000 0.000000 1.000000
