<?xml version="1.0" encoding="utf-8"?>
<COLLADA xmlns="http://www.collada.org/2005/11/COLLADASchema" version="1.4.1">
  <asset><contributor><author>Mixamo</author><authoring_tool>COLLADA Mixamo exporter</authoring_tool><comments></comments></contributor><created>2018-10-29T22:27:38Z</created><modified>2018-10-29T22:27:38Z</modified><revision></revision><title></title><unit meter="0.010000"/><up_axis>Y_UP</up_axis></asset>
  <library_animations>
    <animation id="Hips-anim" name="Hips"><source id="Hips-Matrix-animation-input"><float_array id="Hips-Matrix-animation-input-array" count="99">

0.000000 0.033333 0.066667 0.100000 0.133333 0.166667 0.200000 0.233333 0.266667 0.300000 0.333333 0.366667 0.400000 0.433333 0.466667 0.500000
0.533333 0.566667 0.600000 0.633333 0.666667 0.700000 0.733333 0.766667 0.800000 0.833333 0.866667 0.900000 0.933333 0.966667 1.000000 1.033333
1.066667 1.100000 1.133333 1.166667 1.200000 1.233333 1.266667 1.300000 1.333333 1.366667 1.400000 1.433333 1.466667 1.500000 1.533333 1.566667
1.600000 1.633333 1.666667 1.700000 1.733333 1.766667 1.800000 1.833333 1.866667 1.900000 1.933333 1.966667 2.000000 2.033333 2.066667 2.100000
2.133333 2.166667 2.200000 2.233333 2.266667 2.300000 2.333333 2.366667 2.400000 2.433333 2.466667 2.500000 2.533333 2.566667 2.600000 2.633333
2.666667 2.700000 2.733333 2.766667 2.800000 2.833333 2.866667 2.900000 2.933333 2.966667 3.000000 3.033333 3.066667 3.100000 3.133333 3.166667
3.200000 3.233333 3.266667</float_array><technique_common><accessor source="#Hips-Matrix-animation-input-array" count="99"><param name="TIME" type="float"/></accessor></technique_common></source><source id="Hips-Matrix-animation-output-transform"><float_array id="Hips-Matrix-animation-output-transform-array" count="1584">

0.728426 0.052347 -0.683121 -0.727225 0.001040 0.996991 0.077508 74.950157 0.685123 -0.057170 0.726180 0.563789 0.000000 0.000000 0.000000 1.000000
0.728426 0.052347 -0.683121 -0.727225 0.001040 0.996991 0.077508 74.950157 0.685123 -0.057170 0.726180 0.563789 0.000000 0.000000 0.000000 1.000000
0.730494 0.052800 -0.680875 -0.712123 -0.000796 0.997072 0.076467 74.922470 0.682919 -0.055317 0.728396 0.554863 0.000000 0.000000 0.000000 1.000000
0.733470 0.053630 -0.677603 -0.654325 -0.005216 0.997297 0.073286 74.839920 0.679702 -0.050219 0.731768 0.555372 0.000000 0.000000 0.000000 1.000000
0.735526 0.054467 -0.675304 -0.547053 -0.010447 0.997556 0.069080 74.727264 0.677416 -0.043755 0.734297 0.600682 0.000000 0.000000 0.000000 1.000000
0.738105 0.055136 -0.672429 -0.382624 -0.016597 0.997838 0.063599 74.584846 0.674481 -0.035782 0.737424 0.723960 0.000000 0.000000 0.000000 1.000000
0.741330 0.055060 -0.668879 -0.193928 -0.023196 0.998136 0.056455 74.439735 0.670740 -0.026337 0.741225 0.959997 0.000000 0.000000 0.000000 1.000000
0.744225 0.053656 -0.665770 0.010795 -0.028951 0.998423 0.048102 74.311867 0.667301 -0.016524 0.744605 1.310311 0.000000 0.000000 0.000000 1.000000
0.747117 0.051071 -0.662728 0.257339 -0.034471 0.998679 0.038099 74.211594 0.663798 -0.005619 0.747891 1.802849 0.000000 0.000000 0.000000 1.000000
0.749155 0.047384 -0.660698 0.565080 -0.039446 0.998859 0.026909 74.127647 0.661220 0.005903 0.750169 2.418726 0.000000 0.000000 0.000000 1.000000
0.750305 0.043141 -0.659683 0.929755 -0.044318 0.998906 0.014918 74.053162 0.659605 0.018043 0.751396 3.143897 0.000000 0.000000 0.000000 1.000000
0.747565 0.038809 -0.663054 1.372530 -0.050807 0.998708 0.001173 74.037865 0.662242 0.032811 0.748571 3.980293 0.000000 0.000000 0.000000 1.000000
0.740717 0.034763 -0.670918 1.862622 -0.057307 0.998290 -0.011544 74.122375 0.669369 0.047000 0.741442 4.949409 0.000000 0.000000 0.000000 1.000000
0.736049 0.031353 -0.676202 2.369897 -0.064684 0.997613 -0.024154 74.291656 0.673831 0.061518 0.736320 6.010031 0.000000 0.000000 0.000000 1.000000
0.725250 0.024002 -0.688068 2.926787 -0.074881 0.996213 -0.044177 74.579193 0.684402 0.083563 0.724301 7.088904 0.000000 0.000000 0.000000 1.000000
0.712015 0.018980 -0.701907 3.492882 -0.086164 0.994441 -0.060515 74.930687 0.696857 0.103567 0.709693 8.151215 0.000000 0.000000 0.000000 1.000000
0.695794 0.017221 -0.718035 4.001296 -0.097641 0.992700 -0.070808 75.304909 0.711573 0.119378 0.692396 9.154933 0.000000 0.000000 0.000000 1.000000
0.681030 0.016556 -0.732068 4.456628 -0.110190 0.990677 -0.080104 75.660416 0.723917 0.135220 0.676505 10.053692 0.000000 0.000000 0.000000 1.000000
0.670470 0.017067 -0.741740 4.845507 -0.121663 0.988732 -0.087224 75.980545 0.731893 0.148723 0.664992 10.872250 0.000000 0.000000 0.000000 1.000000
0.659082 0.017084 -0.751877 5.170137 -0.130568 0.987159 -0.092024 76.225685 0.740650 0.158823 0.652850 11.580933 0.000000 0.000000 0.000000 1.000000
0.647832 0.018815 -0.761551 5.397018 -0.137732 0.986112 -0.092802 76.397400 0.749229 0.165010 0.641426 12.244030 0.000000 0.000000 0.000000 1.000000
0.637895 0.020586 -0.769848 5.528229 -0.144862 0.985006 -0.093693 76.486122 0.756377 0.171288 0.631312 12.847672 0.000000 0.000000 0.000000 1.000000
0.629282 0.022539 -0.776850 5.574048 -0.151825 0.983885 -0.094439 76.493874 0.762203 0.177374 0.622563 13.359413 0.000000 0.000000 0.000000 1.000000
0.619603 0.020898 -0.784637 5.593362 -0.156378 0.982892 -0.097309 76.439110 0.769180 0.182993 0.612271 13.805414 0.000000 0.000000 0.000000 1.000000
0.610929 0.019186 -0.791453 5.605204 -0.161600 0.981680 -0.100943 76.452919 0.775017 0.189568 0.602837 14.307785 0.000000 0.000000 0.000000 1.000000
0.604279 0.019030 -0.796545 5.596431 -0.166294 0.980711 -0.102726 76.521561 0.779226 0.194536 0.595788 14.832664 0.000000 0.000000 0.000000 1.000000
0.598978 0.018212 -0.800558 5.546621 -0.168372 0.980256 -0.103676 76.534027 0.782864 0.196891 0.590219 15.301181 0.000000 0.000000 0.000000 1.000000
0.596552 0.017683 -0.802380 5.430573 -0.168846 0.980147 -0.103933 76.396812 0.784613 0.197481 0.587694 15.680123 0.000000 0.000000 0.000000 1.000000
0.596543 0.020145 -0.802328 5.303779 -0.172084 0.979646 -0.103350 76.397308 0.783915 0.199721 0.587868 16.090796 0.000000 0.000000 0.000000 1.000000
0.593313 0.019839 -0.804727 5.264691 -0.172261 0.979667 -0.102854 76.345795 0.786324 0.199648 0.584667 16.493448 0.000000 0.000000 0.000000 1.000000
0.584118 0.021099 -0.811394 5.214655 -0.175894 0.979197 -0.101163 76.426971 0.792381 0.201811 0.575678 16.979481 0.000000 0.000000 0.000000 1.000000
0.571269 0.019272 -0.820537 5.275724 -0.179560 0.978442 -0.102031 76.549545 0.800881 0.205623 0.562413 17.504751 0.000000 0.000000 0.000000 1.000000
0.552509 0.014821 -0.833375 5.453059 -0.184668 0.977170 -0.105053 76.823891 0.812792 0.211940 0.542633 18.130508 0.000000 0.000000 0.000000 1.000000
0.526989 0.007666 -0.849838 5.715748 -0.190510 0.975577 -0.109336 77.147713 0.828244 0.219522 0.515579 18.707977 0.000000 0.000000 0.000000 1.000000
0.500410 0.000670 -0.865788 6.023246 -0.193285 0.974848 -0.110961 77.441994 0.843937 0.222870 0.487953 19.106569 0.000000 0.000000 0.000000 1.000000
0.483053 -0.003488 -0.875584 6.316771 -0.194711 0.974525 -0.111302 77.756767 0.853667 0.224250 0.470068 19.354946 0.000000 0.000000 0.000000 1.000000
0.482963 -0.005603 -0.875623 6.487041 -0.194344 0.974354 -0.113427 77.946442 0.853801 0.224953 0.469488 19.457544 0.000000 0.000000 0.000000 1.000000
0.489965 -0.008233 -0.871703 6.563601 -0.190214 0.974851 -0.116122 77.906647 0.850737 0.222706 0.476077 19.436844 0.000000 0.000000 0.000000 1.000000
0.495094 -0.010327 -0.868778 6.565917 -0.184538 0.975865 -0.116763 77.692871 0.849015 0.218132 0.481240 19.375561 0.000000 0.000000 0.000000 1.000000
0.497389 -0.010905 -0.867459 6.508580 -0.180856 0.976647 -0.115978 77.506340 0.848467 0.214571 0.483801 19.394005 0.000000 0.000000 0.000000 1.000000
0.495425 -0.008744 -0.868607 6.474818 -0.182392 0.976611 -0.113861 77.553337 0.849286 0.214836 0.482243 19.540533 0.000000 0.000000 0.000000 1.000000
0.489004 -0.009859 -0.872226 6.508730 -0.182763 0.976583 -0.113503 77.597290 0.852920 0.214914 0.475752 19.664831 0.000000 0.000000 0.000000 1.000000
0.478435 -0.013133 -0.878025 6.565791 -0.184842 0.975979 -0.115319 77.720032 0.858448 0.217468 0.464515 19.721619 0.000000 0.000000 0.000000 1.000000
0.469915 -0.014878 -0.882586 6.603818 -0.188507 0.975101 -0.116805 77.917183 0.862348 0.221262 0.455410 19.679445 0.000000 0.000000 0.000000 1.000000
0.467475 -0.014084 -0.883894 6.590231 -0.192615 0.974227 -0.117394 78.150070 0.862767 0.225130 0.452714 19.542250 0.000000 0.000000 0.000000 1.000000
0.467674 -0.015842 -0.883759 6.561026 -0.193789 0.973676 -0.120005 78.300423 0.862396 0.227386 0.452293 19.297144 0.000000 0.000000 0.000000 1.000000
0.467266 -0.018645 -0.883920 6.527324 -0.193778 0.973308 -0.122968 78.424660 0.862620 0.228743 0.451180 18.993208 0.000000 0.000000 0.000000 1.000000
0.468000 -0.021813 -0.883459 6.476998 -0.192565 0.973157 -0.126036 78.541855 0.862493 0.229108 0.451237 18.610731 0.000000 0.000000 0.000000 1.000000
0.469152 -0.025094 -0.882761 6.402195 -0.190242 0.973255 -0.128772 78.592232 0.862383 0.228351 0.451831 18.146269 0.000000 0.000000 0.000000 1.000000
0.470675 -0.028486 -0.881846 6.290052 -0.187120 0.973520 -0.131321 78.596916 0.862236 0.226821 0.452882 17.662621 0.000000 0.000000 0.000000 1.000000
0.472860 -0.031989 -0.880557 6.133803 -0.182985 0.973989 -0.133647 78.556839 0.861928 0.224325 0.454707 17.142614 0.000000 0.000000 0.000000 1.000000
0.475435 -0.035531 -0.879033 5.920976 -0.177044 0.974878 -0.135161 78.518768 0.861753 0.219888 0.457200 16.568447 0.000000 0.000000 0.000000 1.000000
0.479626 -0.040538 -0.876536 5.679246 -0.170723 0.975532 -0.138533 78.498535 0.860705 0.216089 0.460969 15.931274 0.000000 0.000000 0.000000 1.000000
0.486904 -0.045072 -0.872292 5.407604 -0.164930 0.975958 -0.142491 78.490379 0.857743 0.213247 0.467764 15.235199 0.000000 0.000000 0.000000 1.000000
0.496234 -0.049013 -0.866804 5.127642 -0.158978 0.976394 -0.146222 78.436562 0.853509 0.210364 0.476728 14.478770 0.000000 0.000000 0.000000 1.000000
0.505974 -0.052497 -0.860950 4.832889 -0.152970 0.976863 -0.149464 78.346901 0.848876 0.207324 0.486237 13.682333 0.000000 0.000000 0.000000 1.000000
0.515836 -0.056801 -0.854802 4.488475 -0.144422 0.977753 -0.152123 78.189415 0.844426 0.201923 0.496157 12.781099 0.000000 0.000000 0.000000 1.000000
0.527147 -0.062084 -0.847503 4.083616 -0.132475 0.979130 -0.154125 77.989166 0.839385 0.193520 0.507921 11.796441 0.000000 0.000000 0.000000 1.000000
0.539819 -0.066790 -0.839127 3.628431 -0.118811 0.980823 -0.154500 77.723938 0.833354 0.183099 0.521532 10.724252 0.000000 0.000000 0.000000 1.000000
0.555872 -0.069270 -0.828377 3.072067 -0.103092 0.983084 -0.151386 77.374573 0.824851 0.169550 0.539327 9.517350 0.000000 0.000000 0.000000 1.000000
0.576216 -0.069350 -0.814350 2.440218 -0.085928 0.985731 -0.144745 76.988808 0.812768 0.153380 0.562035 8.274012 0.000000 0.000000 0.000000 1.000000
0.599445 -0.067054 -0.797602 1.748779 -0.070645 0.988164 -0.136168 76.641998 0.797292 0.137972 0.587613 7.075968 0.000000 0.000000 0.000000 1.000000
0.621269 -0.064698 -0.780922 1.054268 -0.057820 0.990084 -0.128027 76.362572 0.781461 0.124692 0.611368 5.915957 0.000000 0.000000 0.000000 1.000000
0.634613 -0.065116 -0.770082 0.438191 -0.044703 0.991683 -0.120693 76.159958 0.771536 0.111018 0.626424 4.818806 0.000000 0.000000 0.000000 1.000000
0.640333 -0.066173 -0.765241 -0.111677 -0.031659 0.993162 -0.112373 76.101128 0.767445 0.096183 0.633859 3.866031 0.000000 0.000000 0.000000 1.000000
0.642556 -0.067090 -0.763296 -0.601744 -0.019590 0.994395 -0.103894 76.158264 0.765988 0.081711 0.637641 3.026083 0.000000 0.000000 0.000000 1.000000
0.644014 -0.067049 -0.762070 -1.065651 -0.006192 0.995662 -0.092834 76.335884 0.764988 0.064505 0.640806 2.358292 0.000000 0.000000 0.000000 1.000000
0.646588 -0.068675 -0.759742 -1.483297 0.006804 0.996419 -0.084278 76.542099 0.762809 0.049324 0.644739 1.815571 0.000000 0.000000 0.000000 1.000000
0.648392 -0.068322 -0.758234 -1.858622 0.018438 0.997082 -0.074077 76.727211 0.761083 0.034051 0.647760 1.392580 0.000000 0.000000 0.000000 1.000000
0.653434 -0.067069 -0.754006 -2.191880 0.029796 0.997574 -0.062912 76.855431 0.756397 0.018642 0.653847 1.094558 0.000000 0.000000 0.000000 1.000000
0.657429 -0.067072 -0.750526 -2.448339 0.039548 0.997729 -0.054521 76.954086 0.752478 0.006162 0.658589 0.908667 0.000000 0.000000 0.000000 1.000000
0.662580 -0.066152 -0.746064 -2.669673 0.047267 0.997800 -0.046496 76.992752 0.747498 -0.004457 0.664249 0.785838 0.000000 0.000000 0.000000 1.000000
0.668348 -0.063183 -0.741160 -2.850724 0.052081 0.997916 -0.038106 76.981499 0.742023 -0.013132 0.670246 0.734190 0.000000 0.000000 0.000000 1.000000
0.672322 -0.060445 -0.737787 -2.957002 0.055317 0.997976 -0.031353 76.920837 0.738189 -0.019733 0.674305 0.736142 0.000000 0.000000 0.000000 1.000000
0.675209 -0.056787 -0.735437 -2.992404 0.055748 0.998109 -0.025887 76.816109 0.735517 -0.023521 0.677098 0.781827 0.000000 0.000000 0.000000 1.000000
0.678179 -0.052604 -0.733012 -3.012587 0.055526 0.998252 -0.020267 76.657127 0.732797 -0.026956 0.679914 0.863600 0.000000 0.000000 0.000000 1.000000
0.681219 -0.047786 -0.730518 -3.067146 0.054456 0.998410 -0.014528 76.411171 0.730051 -0.029884 0.682739 0.964438 0.000000 0.000000 0.000000 1.000000
0.684304 -0.042178 -0.727976 -3.103894 0.052291 0.998594 -0.008704 76.021294 0.727320 -0.032111 0.685547 1.095891 0.000000 0.000000 0.000000 1.000000
0.687504 -0.035944 -0.725290 -3.117156 0.049243 0.998783 -0.002819 75.506973 0.724509 -0.033777 0.688437 1.269505 0.000000 0.000000 0.000000 1.000000
0.690715 -0.029495 -0.722525 -3.057552 0.045885 0.998942 0.003087 74.976021 0.721670 -0.035285 0.691338 1.438695 0.000000 0.000000 0.000000 1.000000
0.693907 -0.023102 -0.719694 -2.953624 0.042576 0.999053 0.008981 74.592918 0.718804 -0.036874 0.694234 1.597670 0.000000 0.000000 0.000000 1.000000
0.697018 -0.016829 -0.716856 -2.842953 0.039671 0.999098 0.015119 74.238609 0.715955 -0.038976 0.697058 1.707950 0.000000 0.000000 0.000000 1.000000
0.700081 -0.010655 -0.713984 -2.689109 0.036567 0.999112 0.020944 74.036179 0.713127 -0.040771 0.699849 1.766923 0.000000 0.000000 0.000000 1.000000
0.703099 -0.004415 -0.711079 -2.523573 0.033237 0.999092 0.026660 74.090569 0.710315 -0.042379 0.702607 1.870279 0.000000 0.000000 0.000000 1.000000
0.706017 0.001470 -0.708194 -2.385561 0.030250 0.999023 0.032231 74.350594 0.707549 -0.044179 0.705282 1.862271 0.000000 0.000000 0.000000 1.000000
0.708818 0.007090 -0.705356 -2.150352 0.027449 0.998915 0.037625 74.730858 0.704857 -0.046030 0.707854 1.854440 0.000000 0.000000 0.000000 1.000000
0.711481 0.012563 -0.702593 -1.918530 0.024637 0.998780 0.042808 75.060173 0.702273 -0.047767 0.710303 1.809419 0.000000 0.000000 0.000000 1.000000
0.713987 0.018002 -0.699927 -1.752475 0.021631 0.998625 0.047749 75.184242 0.699825 -0.049232 0.712616 1.754920 0.000000 0.000000 0.000000 1.000000
0.716346 0.023440 -0.697352 -1.615748 0.018358 0.998456 0.052420 75.243286 0.697504 -0.050352 0.714810 1.756488 0.000000 0.000000 0.000000 1.000000
0.718524 0.028579 -0.694914 -1.475365 0.015215 0.998270 0.056786 75.270569 0.695335 -0.051375 0.716847 1.702310 0.000000 0.000000 0.000000 1.000000
0.720511 0.033309 -0.692643 -1.358789 0.012326 0.998073 0.060819 75.288292 0.693334 -0.052358 0.718712 1.585894 0.000000 0.000000 0.000000 1.000000
0.722302 0.037690 -0.690550 -1.247368 0.009583 0.997872 0.064488 75.287079 0.691511 -0.053197 0.720404 1.492493 0.000000 0.000000 0.000000 1.000000
0.723873 0.041419 -0.688689 -1.108210 0.007385 0.997674 0.067763 75.265724 0.689894 -0.054138 0.721883 1.323214 0.000000 0.000000 0.000000 1.000000
0.725212 0.044405 -0.687093 -0.980300 0.005828 0.997487 0.070616 75.220818 0.688501 -0.055216 0.723130 1.110908 0.000000 0.000000 0.000000 1.000000
0.726326 0.046864 -0.685751 -0.892185 0.004589 0.997320 0.073016 75.163559 0.687335 -0.056180 0.724165 0.949009 0.000000 0.000000 0.000000 1.000000
0.727216 0.048890 -0.684665 -0.837887 0.003512 0.997182 0.074935 75.105324 0.686400 -0.056898 0.724995 0.805437 0.000000 0.000000 0.000000 1.000000
0.727883 0.050658 -0.683827 -0.795561 0.002330 0.997079 0.076344 75.053902 0.685697 -0.057163 0.725639 0.710525 0.000000 0.000000 0.000000 1.000000
0.728296 0.051933 -0.683292 -0.759389 0.001346 0.997014 0.077212 75.005562 0.685262 -0.057153 0.726051 0.634802 0.000000 0.000000 0.000000 1.000000
0.728426 0.052333 -0.683123 -0.727255 0.001040 0.996993 0.077487 74.950150 0.685123 -0.057154 0.726181 0.563889 0.000000 0.000000 0.000000 1.000000</float_array><technique_common><accessor source="#Hips-Matrix-animation-output-transform-array" count="99" stride="16"><param type="float4x4"/></accessor></technique_common></source><source id="Hips-Interpolations"><Name_array id="Hips-Interpolations-array" count="99">
 LINEAR LINEAR LINEAR LINEAR LINEAR LINEAR LINEAR LINEAR LINEAR LINEAR LINEAR
LINEAR LINEAR LINEAR LINEAR LINEAR LINEAR LINEAR LINEAR LINEAR LINEAR LINEAR LINEAR
LINEAR LINEAR LINEAR LINEAR LINEAR LINEAR LINEAR LINEAR LINEAR LINEAR LINEAR LINEAR
LINEAR LINEAR LINEAR LINEAR LINEAR LINEAR LINEAR LINEAR LINEAR LINEAR LINEAR LINEAR
LINEAR LINEAR LINEAR LINEAR LINEAR LINEAR LINEAR LINEAR LINEAR LINEAR LINEAR LINEAR
LINEAR LINEAR LINEAR LINEAR LINEAR LINEAR LINEAR LINEAR LINEAR LINEAR LINEAR LINEAR
LINEAR LINEAR LINEAR LINEAR LINEAR LINEAR LINEAR LINEAR LINEAR LINEAR LINEAR LINEAR
LINEAR LINEAR LINEAR LINEAR LINEAR LINEAR LINEAR LINEAR LINEAR LINEAR LINEAR LINEAR
LINEAR LINEAR LINEAR LINEAR</Name_array><technique_common><accessor source="#Hips-Interpolations-array" count="99"><param type="name"/></accessor></technique_common></source><sampler id="Hips-Matrix-animation-transform"><input semantic="INPUT" source="#Hips-Matrix-animation-input"/><input semantic="OUTPUT" source="#Hips-Matrix-animation-output-transform"/><input semantic="INTERPOLATION" source="#Hips-Interpolations"/></sampler><channel source="#Hips-Matrix-animation-transform" target="Hips/matrix"/></animation>
    <animation id="Spine-anim" name="Spine"><source id="Spine-Matrix-animation-input"><float_array id="Spine-Matrix-animation-input-array" count="99">

0.000000 0.033333 0.066667 0.100000 0.133333 0.166667 0.200000 0.233333 0.266667 0.300000 0.333333 0.366667 0.400000 0.433333 0.466667 0.500000
0.533333 0.566667 0.600000 0.633333 0.666667 0.700000 0.733333 0.766667 0.800000 0.833333 0.866667 0.900000 0.933333 0.966667 1.000000 1.033333
1.066667 1.100000 1.133333 1.166667 1.200000 1.233333 1.266667 1.300000 1.333333 1.366667 1.400000 1.433333 1.466667 1.500000 1.533333 1.566667
1.600000 1.633333 1.666667 1.700000 1.733333 1.766667 1.800000 1.833333 1.866667 1.900000 1.933333 1.966667 2.000000 2.033333 2.066667 2.100000
2.133333 2.166667 2.200000 2.233333 2.266667 2.300000 2.333333 2.366667 2.400000 2.433333 2.466667 2.500000 2.533333 2.566667 2.600000 2.633333
2.666667 2.700000 2.733333 2.766667 2.800000 2.833333 2.866667 2.900000 2.933333 2.966667 3.000000 3.033333 3.066667 3.100000 3.133333 3.166667
3.200000 3.233333 3.266667</float_array><technique_common><accessor source="#Spine-Matrix-animation-input-array" count="99"><param name="TIME" type="float"/></accessor></technique_common></source><source id="Spine-Matrix-animation-output-transform"><float_array id="Spine-Matrix-animation-output-transform-array" count="1584">

0.996422 0.020367 0.082023 0.009000 -0.012004 0.994795 -0.101183 7.062600 -0.083657 0.099837 0.991481 -0.984700 0.000000 0.000000 0.000000 1.000000
0.996422 0.020367 0.082023 0.009000 -0.012004 0.994795 -0.101183 7.062600 -0.083657 0.099837 0.991481 -0.984700 0.000000 0.000000 0.000000 1.000000
0.996452 0.019922 0.081774 0.009000 -0.011576 0.994790 -0.101286 7.062600 -0.083366 0.099980 0.991491 -0.984700 0.000000 0.000000 0.000000 1.000000
0.996525 0.018970 0.081109 0.009000 -0.010675 0.994778 -0.101505 7.062600 -0.082611 0.100286 0.991523 -0.984700 0.000000 0.000000 0.000000 1.000000
0.996582 0.017816 0.080665 0.009000 -0.009528 0.994740 -0.101991 7.062600 -0.082057 0.100874 0.991509 -0.984700 0.000000 0.000000 0.000000 1.000000
0.996574 0.016562 0.081032 0.009000 -0.008187 0.994687 -0.102623 7.062600 -0.082301 0.101608 0.991414 -0.984700 0.000000 0.000000 0.000000 1.000000
0.996541 0.015483 0.081649 0.009000 -0.006987 0.994622 -0.103334 7.062600 -0.082810 0.102406 0.991290 -0.984700 0.000000 0.000000 0.000000 1.000000
0.996555 0.015082 0.081554 0.009000 -0.006533 0.994545 -0.104103 7.062600 -0.082679 0.103211 0.991217 -0.984700 0.000000 0.000000 0.000000 1.000000
0.996551 0.015171 0.081580 0.009000 -0.006534 0.994440 -0.105104 7.062600 -0.082721 0.104208 0.991109 -0.984700 0.000000 0.000000 0.000000 1.000000
0.996534 0.015669 0.081700 0.009000 -0.006922 0.994314 -0.106262 7.062600 -0.082901 0.105329 0.990976 -0.984700 0.000000 0.000000 0.000000 1.000000
0.996503 0.016665 0.081872 0.009000 -0.007802 0.994185 -0.107406 7.062600 -0.083186 0.106391 0.990839 -0.984700 0.000000 0.000000 0.000000 1.000000
0.996420 0.017926 0.082613 0.009000 -0.008877 0.994043 -0.108623 7.062600 -0.084068 0.107501 0.990644 -0.984700 0.000000 0.000000 0.000000 1.000000
0.996364 0.020048 0.082801 0.009000 -0.010829 0.993836 -0.110329 7.062600 -0.084502 0.109031 0.990440 -0.984700 0.000000 0.000000 0.000000 1.000000
0.996428 0.021998 0.081525 0.009000 -0.012791 0.993650 -0.111787 7.062600 -0.083467 0.110345 0.990382 -0.984700 0.000000 0.000000 0.000000 1.000000
0.996436 0.024518 0.080706 0.009000 -0.015434 0.993664 -0.111323 7.062600 -0.082924 0.109680 0.990502 -0.984700 0.000000 0.000000 0.000000 1.000000
0.996478 0.026486 0.079559 0.009000 -0.017487 0.993584 -0.111741 7.062600 -0.082008 0.109956 0.990547 -0.984700 0.000000 0.000000 0.000000 1.000000
0.996601 0.027984 0.077484 0.009000 -0.019110 0.993413 -0.112982 7.062600 -0.080135 0.111117 0.990571 -0.984700 0.000000 0.000000 0.000000 1.000000
0.996814 0.029007 0.074301 0.009000 -0.020418 0.993287 -0.113862 7.062600 -0.077105 0.111982 0.990714 -0.984700 0.000000 0.000000 0.000000 1.000000
0.996979 0.030193 0.071567 0.009000 -0.021834 0.993146 -0.114820 7.062600 -0.074543 0.112910 0.990805 -0.984700 0.000000 0.000000 0.000000 1.000000
0.997026 0.032251 0.069988 0.009000 -0.024011 0.993013 -0.115539 7.062600 -0.073225 0.113515 0.990834 -0.984700 0.000000 0.000000 0.000000 1.000000
0.997043 0.034501 0.068664 0.009000 -0.026324 0.992828 -0.116615 7.062600 -0.072194 0.114462 0.990801 -0.984700 0.000000 0.000000 0.000000 1.000000
0.997059 0.035972 0.067671 0.009000 -0.027879 0.992745 -0.116960 7.062600 -0.071388 0.114729 0.990828 -0.984700 0.000000 0.000000 0.000000 1.000000
0.997075 0.036717 0.067027 0.009000 -0.028676 0.992692 -0.117215 7.062600 -0.070841 0.114951 0.990842 -0.984700 0.000000 0.000000 0.000000 1.000000
0.997033 0.037985 0.066953 0.009000 -0.029939 0.992643 -0.117318 7.062600 -0.070917 0.114966 0.990835 -0.984700 0.000000 0.000000 0.000000 1.000000
0.997037 0.037721 0.067044 0.009000 -0.029694 0.992696 -0.116934 7.062600 -0.070965 0.114596 0.990874 -0.984700 0.000000 0.000000 0.000000 1.000000
0.997092 0.035972 0.067184 0.009000 -0.027955 0.992777 -0.116672 7.062600 -0.070896 0.114455 0.990896 -0.984700 0.000000 0.000000 0.000000 1.000000
0.997155 0.033728 0.067410 0.009000 -0.025712 0.992867 -0.116422 7.062600 -0.070856 0.114357 0.990910 -0.984700 0.000000 0.000000 0.000000 1.000000
0.997259 0.031253 0.067058 0.009000 -0.023328 0.992991 -0.115863 7.062600 -0.070209 0.113981 0.990999 -0.984700 0.000000 0.000000 0.000000 1.000000
0.997328 0.029093 0.067011 0.009000 -0.021206 0.993077 -0.115536 7.062600 -0.069909 0.113806 0.991040 -0.984700 0.000000 0.000000 0.000000 1.000000
0.997295 0.028404 0.067790 0.009000 -0.020430 0.993092 -0.115542 7.062600 -0.070604 0.113845 0.990987 -0.984700 0.000000 0.000000 0.000000 1.000000
0.997226 0.027110 0.069321 0.009000 -0.019003 0.993179 -0.115041 7.062600 -0.071967 0.113405 0.990939 -0.984700 0.000000 0.000000 0.000000 1.000000
0.997114 0.026449 0.071157 0.009000 -0.018227 0.993336 -0.113806 7.062600 -0.073693 0.112181 0.990951 -0.984700 0.000000 0.000000 0.000000 1.000000
0.997014 0.026124 0.072668 0.009000 -0.017872 0.993550 -0.111976 7.062600 -0.075125 0.110343 0.991050 -0.984700 0.000000 0.000000 0.000000 1.000000
0.996865 0.027005 0.074367 0.009000 -0.018697 0.993731 -0.110220 7.062600 -0.076878 0.108484 0.991121 -0.984700 0.000000 0.000000 0.000000 1.000000
0.996676 0.030239 0.075652 0.009000 -0.021779 0.993666 -0.110244 7.062600 -0.078506 0.108229 0.991021 -0.984700 0.000000 0.000000 0.000000 1.000000
0.996673 0.033727 0.074197 0.009000 -0.025333 0.993465 -0.111293 7.062600 -0.077465 0.109043 0.991014 -0.984700 0.000000 0.000000 0.000000 1.000000
0.996943 0.035838 0.069423 0.009000 -0.027907 0.993315 -0.112012 7.062600 -0.072973 0.109732 0.991279 -0.984700 0.000000 0.000000 0.000000 1.000000
0.997197 0.037676 0.064649 0.009000 -0.030224 0.993180 -0.112602 7.062600 -0.068451 0.110332 0.991535 -0.984700 0.000000 0.000000 0.000000 1.000000
0.997375 0.039155 0.060903 0.009000 -0.032058 0.993030 -0.113420 7.062600 -0.064920 0.111170 0.991679 -0.984700 0.000000 0.000000 0.000000 1.000000
0.997377 0.039528 0.060643 0.009000 -0.032431 0.992970 -0.113840 7.062600 -0.064717 0.111575 0.991646 -0.984700 0.000000 0.000000 0.000000 1.000000
0.997271 0.039398 0.062445 0.009000 -0.032061 0.992915 -0.114424 7.062600 -0.066510 0.112109 0.991468 -0.984700 0.000000 0.000000 0.000000 1.000000
0.997126 0.039954 0.064375 0.009000 -0.032399 0.992907 -0.114398 7.062600 -0.068489 0.111984 0.991347 -0.984700 0.000000 0.000000 0.000000 1.000000
0.997023 0.040362 0.065691 0.009000 -0.032719 0.992996 -0.113529 7.062600 -0.069813 0.111042 0.991361 -0.984700 0.000000 0.000000 0.000000 1.000000
0.996961 0.040421 0.066596 0.009000 -0.032727 0.993075 -0.112834 7.062600 -0.070696 0.110312 0.991380 -0.984700 0.000000 0.000000 0.000000 1.000000
0.997020 0.039457 0.066293 0.009000 -0.031819 0.993135 -0.112567 7.062600 -0.070279 0.110123 0.991430 -0.984700 0.000000 0.000000 0.000000 1.000000
0.997088 0.039097 0.065477 0.009000 -0.031587 0.993201 -0.112041 7.062600 -0.069413 0.109646 0.991544 -0.984700 0.000000 0.000000 0.000000 1.000000
0.997147 0.039041 0.064610 0.009000 -0.031661 0.993255 -0.111548 7.062600 -0.068529 0.109184 0.991657 -0.984700 0.000000 0.000000 0.000000 1.000000
0.997159 0.039183 0.064327 0.009000 -0.031849 0.993274 -0.111319 7.062600 -0.068256 0.108954 0.991701 -0.984700 0.000000 0.000000 0.000000 1.000000
0.997122 0.039619 0.064643 0.009000 -0.032246 0.993257 -0.111363 7.062600 -0.068619 0.108958 0.991675 -0.984700 0.000000 0.000000 0.000000 1.000000
0.997071 0.039693 0.065376 0.009000 -0.032249 0.993271 -0.111236 7.062600 -0.069352 0.108802 0.991641 -0.984700 0.000000 0.000000 0.000000 1.000000
0.997014 0.039696 0.066237 0.009000 -0.032175 0.993301 -0.110987 7.062600 -0.070200 0.108525 0.991612 -0.984700 0.000000 0.000000 0.000000 1.000000
0.996923 0.040378 0.067186 0.009000 -0.032756 0.993290 -0.110915 7.062600 -0.071213 0.108373 0.991556 -0.984700 0.000000 0.000000 0.000000 1.000000
0.996859 0.040909 0.067816 0.009000 -0.033250 0.993324 -0.110458 7.062600 -0.071882 0.107856 0.991564 -0.984700 0.000000 0.000000 0.000000 1.000000
0.996873 0.040459 0.067877 0.009000 -0.032830 0.993392 -0.109972 7.062600 -0.071878 0.107399 0.991614 -0.984700 0.000000 0.000000 0.000000 1.000000
0.996925 0.039378 0.067751 0.009000 -0.031778 0.993444 -0.109815 7.062600 -0.071631 0.107324 0.991640 -0.984700 0.000000 0.000000 0.000000 1.000000
0.996942 0.038076 0.068248 0.009000 -0.030438 0.993503 -0.109662 7.062600 -0.071980 0.107249 0.991623 -0.984700 0.000000 0.000000 0.000000 1.000000
0.996940 0.037325 0.068689 0.009000 -0.029649 0.993539 -0.109551 7.062600 -0.072334 0.107180 0.991605 -0.984700 0.000000 0.000000 0.000000 1.000000
0.996918 0.037113 0.069118 0.009000 -0.029397 0.993554 -0.109480 7.062600 -0.072735 0.107111 0.991583 -0.984700 0.000000 0.000000 0.000000 1.000000
0.996945 0.036836 0.068872 0.009000 -0.029139 0.993548 -0.109603 7.062600 -0.072465 0.107261 0.991587 -0.984700 0.000000 0.000000 0.000000 1.000000
0.997038 0.036396 0.067747 0.009000 -0.028781 0.993496 -0.110165 7.062600 -0.071316 0.107889 0.991602 -0.984700 0.000000 0.000000 0.000000 1.000000
0.997158 0.035372 0.066524 0.009000 -0.027833 0.993428 -0.111023 7.062600 -0.070014 0.108856 0.991589 -0.984700 0.000000 0.000000 0.000000 1.000000
0.997307 0.033132 0.065428 0.009000 -0.025700 0.993452 -0.111324 7.062600 -0.068688 0.109343 0.991628 -0.984700 0.000000 0.000000 0.000000 1.000000
0.997432 0.030034 0.065016 0.009000 -0.022705 0.993597 -0.110673 7.062600 -0.067924 0.108913 0.991728 -0.984700 0.000000 0.000000 0.000000 1.000000
0.997446 0.028453 0.065506 0.009000 -0.021153 0.993757 -0.109544 7.062600 -0.068214 0.107879 0.991821 -0.984700 0.000000 0.000000 0.000000 1.000000
0.997376 0.028046 0.066739 0.009000 -0.020679 0.993869 -0.108612 7.062600 -0.069375 0.106947 0.991841 -0.984700 0.000000 0.000000 0.000000 1.000000
0.997263 0.027976 0.068440 0.009000 -0.020496 0.993978 -0.107649 7.062600 -0.071040 0.105951 0.991830 -0.984700 0.000000 0.000000 0.000000 1.000000
0.997164 0.029023 0.069442 0.009000 -0.021448 0.993979 -0.107450 7.062600 -0.072143 0.105656 0.991782 -0.984700 0.000000 0.000000 0.000000 1.000000
0.997069 0.030694 0.070084 0.009000 -0.023097 0.994018 -0.106747 7.062600 -0.072941 0.104815 0.991813 -0.984700 0.000000 0.000000 0.000000 1.000000
0.996956 0.032118 0.071042 0.009000 -0.024446 0.994030 -0.106334 7.062600 -0.074033 0.104273 0.991789 -0.984700 0.000000 0.000000 0.000000 1.000000
0.996915 0.033068 0.071187 0.009000 -0.025395 0.994030 -0.106114 7.062600 -0.074271 0.103979 0.991803 -0.984700 0.000000 0.000000 0.000000 1.000000
0.996857 0.033780 0.071662 0.009000 -0.026104 0.994080 -0.105469 7.062600 -0.074801 0.103267 0.991837 -0.984700 0.000000 0.000000 0.000000 1.000000
0.996821 0.034199 0.071957 0.009000 -0.026551 0.994152 -0.104674 7.062600 -0.075116 0.102431 0.991900 -0.984700 0.000000 0.000000 0.000000 1.000000
0.996806 0.033959 0.072287 0.009000 -0.026329 0.994228 -0.104002 7.062600 -0.075402 0.101767 0.991947 -0.984700 0.000000 0.000000 0.000000 1.000000
0.996754 0.033721 0.073102 0.009000 -0.026060 0.994306 -0.103329 7.062600 -0.076170 0.101089 0.991957 -0.984700 0.000000 0.000000 0.000000 1.000000
0.996693 0.032774 0.074357 0.009000 -0.025056 0.994421 -0.102462 7.062600 -0.077300 0.100261 0.991954 -0.984700 0.000000 0.000000 0.000000 1.000000
0.996632 0.031939 0.075528 0.009000 -0.024160 0.994516 -0.101753 7.062600 -0.078364 0.099585 0.991938 -0.984700 0.000000 0.000000 0.000000 1.000000
0.996569 0.031353 0.076593 0.009000 -0.023560 0.994647 -0.100607 7.062600 -0.079337 0.098457 0.991974 -0.984700 0.000000 0.000000 0.000000 1.000000
0.996522 0.030229 0.077649 0.009000 -0.022463 0.994833 -0.099004 7.062600 -0.080240 0.096915 0.992053 -0.984700 0.000000 0.000000 0.000000 1.000000
0.996502 0.028572 0.078534 0.009000 -0.020872 0.995048 -0.097175 7.062600 -0.080921 0.095196 0.992164 -0.984700 0.000000 0.000000 0.000000 1.000000
0.996495 0.026665 0.079290 0.009000 -0.019017 0.995230 -0.095686 7.062600 -0.081464 0.093843 0.992249 -0.984700 0.000000 0.000000 0.000000 1.000000
0.996488 0.025263 0.079834 0.009000 -0.017655 0.995357 -0.094614 7.062600 -0.081853 0.092873 0.992308 -0.984700 0.000000 0.000000 0.000000 1.000000
0.996466 0.024945 0.080205 0.009000 -0.017369 0.995439 -0.093808 7.062600 -0.082179 0.092083 0.992354 -0.984700 0.000000 0.000000 0.000000 1.000000
0.996452 0.024468 0.080529 0.009000 -0.016874 0.995460 -0.093668 7.062600 -0.082455 0.091977 0.992341 -0.984700 0.000000 0.000000 0.000000 1.000000
0.996451 0.023686 0.080773 0.009000 -0.016086 0.995491 -0.093482 7.062600 -0.082623 0.091851 0.992339 -0.984700 0.000000 0.000000 0.000000 1.000000
0.996437 0.024056 0.080836 0.009000 -0.016377 0.995404 -0.094355 7.062600 -0.082734 0.092695 0.992251 -0.984700 0.000000 0.000000 0.000000 1.000000
0.996438 0.023429 0.081009 0.009000 -0.015583 0.995244 -0.096159 7.062600 -0.082877 0.094554 0.992064 -0.984700 0.000000 0.000000 0.000000 1.000000
0.996439 0.022749 0.081190 0.009000 -0.014740 0.995086 -0.097910 7.062600 -0.083019 0.096364 0.991878 -0.984700 0.000000 0.000000 0.000000 1.000000
0.996433 0.022630 0.081295 0.009000 -0.014564 0.995033 -0.098476 7.062600 -0.083119 0.096941 0.991813 -0.984700 0.000000 0.000000 0.000000 1.000000
0.996437 0.021991 0.081421 0.009000 -0.013956 0.995092 -0.097966 7.062600 -0.083175 0.096480 0.991854 -0.984700 0.000000 0.000000 0.000000 1.000000
0.996438 0.021576 0.081518 0.009000 -0.013601 0.995176 -0.097159 7.062600 -0.083221 0.095704 0.991925 -0.984700 0.000000 0.000000 0.000000 1.000000
0.996433 0.021712 0.081542 0.009000 -0.013758 0.995202 -0.096864 7.062600 -0.083254 0.095397 0.991952 -0.984700 0.000000 0.000000 0.000000 1.000000
0.996435 0.021475 0.081589 0.009000 -0.013512 0.995200 -0.096926 7.062600 -0.083279 0.095478 0.991942 -0.984700 0.000000 0.000000 0.000000 1.000000
0.996432 0.021247 0.081676 0.009000 -0.013182 0.995095 -0.098040 7.062600 -0.083359 0.096614 0.991825 -0.984700 0.000000 0.000000 0.000000 1.000000
0.996424 0.021178 0.081795 0.009000 -0.012982 0.994956 -0.099469 7.062600 -0.083489 0.098052 0.991673 -0.984700 0.000000 0.000000 0.000000 1.000000
0.996417 0.021071 0.081914 0.009000 -0.012776 0.994856 -0.100491 7.062600 -0.083610 0.099085 0.991560 -0.984700 0.000000 0.000000 0.000000 1.000000
0.996410 0.021090 0.081986 0.009000 -0.012733 0.994791 -0.101139 7.062600 -0.083692 0.099732 0.991488 -0.984700 0.000000 0.000000 0.000000 1.000000
0.996414 0.020752 0.082023 0.009000 -0.012385 0.994786 -0.101227 7.062600 -0.083696 0.099849 0.991476 -0.984700 0.000000 0.000000 0.000000 1.000000
0.996421 0.020263 0.082066 0.009000 -0.011908 0.994811 -0.101043 7.062600 -0.083687 0.099704 0.991492 -0.984700 0.000000 0.000000 0.000000 1.000000
0.996423 0.020105 0.082083 0.009000 -0.011739 0.994801 -0.101162 7.062600 -0.083691 0.099836 0.991478 -0.984700 0.000000 0.000000 0.000000 1.000000</float_array><technique_common><accessor source="#Spine-Matrix-animation-output-transform-array" count="99" stride="16"><param type="float4x4"/></accessor></technique_common></source><source id="Spine-Interpolations"><Name_array id="Spine-Interpolations-array" count="99">
 LINEAR LINEAR LINEAR LINEAR LINEAR LINEAR LINEAR LINEAR LINEAR LINEAR LINEAR
LINEAR LINEAR LINEAR LINEAR LINEAR LINEAR LINEAR LINEAR LINEAR LINEAR LINEAR LINEAR
LINEAR LINEAR LINEAR LINEAR LINEAR LINEAR LINEAR LINEAR LINEAR LINEAR LINEAR LINEAR
LINEAR LINEAR LINEAR LINEAR LINEAR LINEAR LINEAR LINEAR LINEAR LINEAR LINEAR LINEAR
LINEAR LINEAR LINEAR LINEAR LINEAR LINEAR LINEAR LINEAR LINEAR LINEAR LINEAR LINEAR
LINEAR LINEAR LINEAR LINEAR LINEAR LINEAR LINEAR LINEAR LINEAR LINEAR LINEAR LINEAR
LINEAR LINEAR LINEAR LINEAR LINEAR LINEAR LINEAR LINEAR LINEAR LINEAR LINEAR LINEAR
LINEAR LINEAR LINEAR LINEAR LINEAR LINEAR LINEAR LINEAR LINEAR LINEAR LINEAR LINEAR
LINEAR LINEAR LINEAR LINEAR</Name_array><technique_common><accessor source="#Spine-Interpolations-array" count="99"><param type="name"/></accessor></technique_common></source><sampler id="Spine-Matrix-animation-transform"><input semantic="INPUT" source="#Spine-Matrix-animation-input"/><input semantic="OUTPUT" source="#Spine-Matrix-animation-output-transform"/><input semantic="INTERPOLATION" source="#Spine-Interpolations"/></sampler><channel source="#Spine-Matrix-animation-transform" target="Spine/matrix"/></animation>
    <animation id="Spine1-anim" name="Spine1"><source id="Spine1-Matrix-animation-input"><float_array id="Spine1-Matrix-animation-input-array" count="99">

0.000000 0.033333 0.066667 0.100000 0.133333 0.166667 0.200000 0.233333 0.266667 0.300000 0.333333 0.366667 0.400000 0.433333 0.466667 0.500000
0.533333 0.566667 0.600000 0.633333 0.666667 0.700000 0.733333 0.766667 0.800000 0.833333 0.866667 0.900000 0.933333 0.966667 1.000000 1.033333
1.066667 1.100000 1.133333 1.166667 1.200000 1.233333 1.266667 1.300000 1.333333 1.366667 1.400000 1.433333 1.466667 1.500000 1.533333 1.566667
1.600000 1.633333 1.666667 1.700000 1.733333 1.766667 1.800000 1.833333 1.866667 1.900000 1.933333 1.966667 2.000000 2.033333 2.066667 2.100000
2.133333 2.166667 2.200000 2.233333 2.266667 2.300000 2.333333 2.366667 2.400000 2.433333 2.466667 2.500000 2.533333 2.566667 2.600000 2.633333
2.666667 2.700000 2.733333 2.766667 2.800000 2.833333 2.866667 2.900000 2.933333 2.966667 3.000000 3.033333 3.066667 3.100000 3.133333 3.166667
3.200000 3.233333 3.266667</float_array><technique_common><accessor source="#Spine1-Matrix-animation-input-array" count="99"><param name="TIME" type="float"/></accessor></technique_common></source><source id="Spine1-Matrix-animation-output-transform"><float_array id="Spine1-Matrix-animation-output-transform-array" count="1584">

0.986151 0.053517 0.156981 0.012400 -0.020882 0.979041 -0.202591 8.239700 -0.164532 0.196507 0.966599 -1.148800 0.000000 0.000000 0.000000 1.000000
0.986151 0.053517 0.156981 0.012400 -0.020882 0.979041 -0.202591 8.239700 -0.164532 0.196507 0.966599 -1.148800 0.000000 0.000000 0.000000 1.000000
0.986253 0.053069 0.156486 0.012400 -0.020499 0.979003 -0.202811 8.239700 -0.163964 0.196815 0.966633 -1.148800 0.000000 0.000000 0.000000 1.000000
0.986509 0.052257 0.155140 0.012400 -0.019884 0.978916 -0.203295 8.239700 -0.162493 0.197468 0.966749 -1.148800 0.000000 0.000000 0.000000 1.000000
0.986708 0.051309 0.154194 0.012400 -0.018965 0.978721 -0.204316 8.239700 -0.161396 0.198676 0.966685 -1.148800 0.000000 0.000000 0.000000 1.000000
0.986652 0.050551 0.154799 0.012400 -0.017865 0.978462 -0.205654 8.239700 -0.161861 0.200144 0.966304 -1.148800 0.000000 0.000000 0.000000 1.000000
0.986500 0.050397 0.155815 0.012400 -0.017246 0.978149 -0.207190 8.239700 -0.162853 0.201706 0.965813 -1.148800 0.000000 0.000000 0.000000 1.000000
0.986519 0.051512 0.155329 0.012400 -0.018166 0.977771 -0.208885 8.239700 -0.162636 0.203247 0.965526 -1.148800 0.000000 0.000000 0.000000 1.000000
0.986457 0.053725 0.154973 0.012400 -0.020062 0.977262 -0.211085 8.239700 -0.162790 0.205118 0.965104 -1.148800 0.000000 0.000000 0.000000 1.000000
0.986338 0.056599 0.154706 0.012400 -0.022540 0.976660 -0.213606 8.239700 -0.163185 0.207200 0.964593 -1.148800 0.000000 0.000000 0.000000 1.000000
0.986160 0.060310 0.154441 0.012400 -0.025844 0.976026 -0.216116 8.239700 -0.163773 0.209134 0.964076 -1.148800 0.000000 0.000000 0.000000 1.000000
0.985759 0.064607 0.155258 0.012400 -0.029461 0.975324 -0.218803 8.239700 -0.165564 0.211113 0.963338 -1.148800 0.000000 0.000000 0.000000 1.000000
0.985416 0.070294 0.154967 0.012400 -0.034519 0.974330 -0.222464 8.239700 -0.166627 0.213871 0.962546 -1.148800 0.000000 0.000000 0.000000 1.000000
0.985529 0.075338 0.151847 0.012400 -0.039658 0.973420 -0.225566 8.239700 -0.164805 0.216280 0.962321 -1.148800 0.000000 0.000000 0.000000 1.000000
0.985431 0.081070 0.149511 0.012400 -0.045946 0.973293 -0.224922 8.239700 -0.163753 0.214776 0.962838 -1.148800 0.000000 0.000000 0.000000 1.000000
0.985500 0.085403 0.146615 0.012400 -0.050698 0.972830 -0.225902 8.239700 -0.161924 0.215193 0.963054 -1.148800 0.000000 0.000000 0.000000 1.000000
0.985905 0.088383 0.142053 0.012400 -0.054239 0.972063 -0.228367 8.239700 -0.158268 0.217443 0.963156 -1.148800 0.000000 0.000000 0.000000 1.000000
0.986733 0.089473 0.135472 0.012400 -0.056525 0.971558 -0.229956 8.239700 -0.152194 0.219248 0.963726 -1.148800 0.000000 0.000000 0.000000 1.000000
0.987513 0.088286 0.130475 0.012400 -0.056248 0.971218 -0.231458 8.239700 -0.147154 0.221229 0.964056 -1.148800 0.000000 0.000000 0.000000 1.000000
0.987935 0.086479 0.128478 0.012400 -0.054786 0.971085 -0.232364 8.239700 -0.144857 0.222522 0.964106 -1.148800 0.000000 0.000000 0.000000 1.000000
0.988269 0.084842 0.126992 0.012400 -0.053275 0.970782 -0.233976 8.239700 -0.143133 0.224465 0.963913 -1.148800 0.000000 0.000000 0.000000 1.000000
