<?xml version="1.0" encoding="utf-8"?>
<COLLADA xmlns="http://www.collada.org/2005/11/COLLADASchema" version="1.4.1">
  <asset><contributor><author>Mixamo</author><authoring_tool>COLLADA Mixamo exporter</authoring_tool><comments></comments></contributor><created>2018-10-29T22:43:03Z</created><modified>2018-10-29T22:43:03Z</modified><revision></revision><title></title><unit meter="0.010000"/><up_axis>Y_UP</up_axis></asset>
  <library_animations>
    <animation id="Hips-anim" name="Hips"><source id="Hips-Matrix-animation-input"><float_array id="Hips-Matrix-animation-input-array" count="60">

0.000000 0.033333 0.066667 0.100000 0.133333 0.166667 0.200000 0.233333 0.266667 0.300000 0.333333 0.366667 0.400000 0.433333 0.466667 0.500000
0.533333 0.566667 0.600000 0.633333 0.666667 0.700000 0.733333 0.766667 0.800000 0.833333 0.866667 0.900000 0.933333 0.966667 1.000000 1.033333
1.066667 1.100000 1.133333 1.166667 1.200000 1.233333 1.266667 1.300000 1.333333 1.366667 1.400000 1.433333 1.466667 1.500000 1.533333 1.566667
1.600000 1.633333 1.666667 1.700000 1.733333 1.766667 1.800000 1.833333 1.866667 1.900000 1.933333 1.966667</float_array><technique_common><accessor source="#Hips-Matrix-animation-input-array" count="60"><param name="TIME" type="float"/></accessor></technique_common></source><source id="Hips-Matrix-animation-output-transform"><float_array id="Hips-Matrix-animation-output-transform-array" count="960">

0.728426 0.052427 -0.683116 -0.623958 0.000981 0.996987 0.077561 74.950394 0.685124 -0.057168 0.726180 -0.112256 0.000000 0.000000 0.000000 1.000000
0.728125 0.052664 -0.683418 -0.614575 0.000994 0.996962 0.077885 74.958473 0.685443 -0.057389 0.725861 -0.121059 0.000000 0.000000 0.000000 1.000000
0.727913 0.052872 -0.683628 -0.604047 0.001000 0.996940 0.078168 74.966957 0.685669 -0.057584 0.725632 -0.126190 0.000000 0.000000 0.000000 1.000000
0.727915 0.053231 -0.683598 -0.593729 0.000824 0.996913 0.078507 74.976723 0.685667 -0.057710 0.725624 -0.124897 0.000000 0.000000 0.000000 1.000000
0.728197 0.053632 -0.683266 -0.585567 0.000581 0.996885 0.078868 74.988052 0.685367 -0.057828 0.725898 -0.115071 0.000000 0.000000 0.000000 1.000000
0.728700 0.054059 -0.682696 -0.580876 0.000377 0.996848 0.079337 75.000671 0.684833 -0.058070 0.726383 -0.096297 0.000000 0.000000 0.000000 1.000000
0.729270 0.054499 -0.682052 -0.579492 0.000291 0.996798 0.079960 75.014832 0.684226 -0.058511 0.726919 -0.069970 0.000000 0.000000 0.000000 1.000000
0.729745 0.054952 -0.681508 -0.580176 0.000276 0.996741 0.080665 75.032372 0.683720 -0.059053 0.727351 -0.037761 0.000000 0.000000 0.000000 1.000000
0.730026 0.055303 -0.681178 -0.581609 0.000293 0.996695 0.081233 75.054741 0.683419 -0.059502 0.727598 -0.000623 0.000000 0.000000 0.000000 1.000000
0.730096 0.055537 -0.681084 -0.582112 0.000283 0.996667 0.081573 75.080788 0.683344 -0.059749 0.727647 0.040909 0.000000 0.000000 0.000000 1.000000
0.729981 0.055728 -0.681192 -0.579315 0.000245 0.996649 0.081798 75.106262 0.683468 -0.059878 0.727521 0.085442 0.000000 0.000000 0.000000 1.000000
0.729766 0.056000 -0.681400 -0.571312 0.000214 0.996621 0.082135 75.126236 0.683697 -0.060085 0.727288 0.130452 0.000000 0.000000 0.000000 1.000000
0.729641 0.056377 -0.681503 -0.559113 0.000245 0.996574 0.082704 75.138977 0.683831 -0.060511 0.727127 0.173716 0.000000 0.000000 0.000000 1.000000
0.729826 0.056810 -0.681268 -0.547079 0.000334 0.996511 0.083455 75.148003 0.683632 -0.061136 0.727261 0.214990 0.000000 0.000000 0.000000 1.000000
0.730363 0.057312 -0.680650 -0.539943 0.000351 0.996442 0.084279 75.160309 0.683059 -0.061793 0.727744 0.255175 0.000000 0.000000 0.000000 1.000000
0.730967 0.057812 -0.679959 -0.538581 0.000231 0.996384 0.084964 75.180939 0.682412 -0.062263 0.728311 0.294122 0.000000 0.000000 0.000000 1.000000
0.731243 0.058250 -0.679626 -0.539883 -0.000031 0.996350 0.085363 75.209351 0.682117 -0.062400 0.728576 0.330291 0.000000 0.000000 0.000000 1.000000
0.731027 0.058569 -0.679830 -0.540239 -0.000347 0.996341 0.085464 75.240356 0.682348 -0.062241 0.728373 0.362596 0.000000 0.000000 0.000000 1.000000
0.730532 0.058806 -0.680342 -0.538674 -0.000638 0.996344 0.085434 75.268120 0.682879 -0.061978 0.727898 0.392217 0.000000 0.000000 0.000000 1.000000
0.730120 0.059026 -0.680765 -0.536508 -0.000863 0.996341 0.085463 75.289474 0.683318 -0.061811 0.727499 0.422047 0.000000 0.000000 0.000000 1.000000
0.730010 0.059183 -0.680869 -0.535469 -0.000970 0.996332 0.085564 75.304756 0.683436 -0.061802 0.727390 0.454788 0.000000 0.000000 0.000000 1.000000
0.730171 0.059333 -0.680683 -0.536469 -0.001019 0.996316 0.085752 75.317009 0.683264 -0.061920 0.727542 0.491602 0.000000 0.000000 0.000000 1.000000
0.730454 0.059458 -0.680369 -0.539298 -0.001035 0.996298 0.085957 75.329048 0.682962 -0.062083 0.727811 0.531455 0.000000 0.000000 0.000000 1.000000
0.730713 0.059493 -0.680087 -0.543172 -0.000987 0.996287 0.086093 75.341774 0.682684 -0.062238 0.728059 0.571551 0.000000 0.000000 0.000000 1.000000
0.730843 0.059466 -0.679950 -0.547181 -0.000916 0.996282 0.086146 75.353737 0.682545 -0.062336 0.728181 0.608180 0.000000 0.000000 0.000000 1.000000
0.730798 0.059376 -0.680006 -0.550678 -0.000845 0.996287 0.086085 75.363014 0.682593 -0.062336 0.728135 0.637543 0.000000 0.000000 0.000000 1.000000
0.730587 0.059283 -0.680242 -0.553810 -0.000835 0.996301 0.085931 75.369301 0.682820 -0.062212 0.727933 0.657224 0.000000 0.000000 0.000000 1.000000
0.730327 0.059147 -0.680532 -0.557316 -0.000864 0.996324 0.085665 75.373596 0.683097 -0.061975 0.727693 0.667172 0.000000 0.000000 0.000000 1.000000
0.730125 0.059005 -0.680761 -0.561613 -0.000944 0.996351 0.085346 75.376266 0.683313 -0.061670 0.727516 0.669031 0.000000 0.000000 0.000000 1.000000
0.729993 0.058917 -0.680910 -0.566070 -0.001071 0.996375 0.085065 75.375023 0.683454 -0.061367 0.727410 0.664094 0.000000 0.000000 0.000000 1.000000
0.729910 0.058815 -0.681009 -0.569387 -0.001139 0.996395 0.084833 75.365845 0.683543 -0.061145 0.727345 0.652477 0.000000 0.000000 0.000000 1.000000
0.729906 0.058740 -0.681019 -0.571074 -0.001140 0.996404 0.084722 75.347305 0.683546 -0.061063 0.727348 0.634318 0.000000 0.000000 0.000000 1.000000
0.730062 0.058736 -0.680852 -0.572088 -0.001126 0.996402 0.084751 75.323296 0.683380 -0.061107 0.727501 0.610788 0.000000 0.000000 0.000000 1.000000
0.730364 0.058778 -0.680525 -0.574309 -0.001143 0.996395 0.084833 75.301460 0.683057 -0.061181 0.727798 0.583736 0.000000 0.000000 0.000000 1.000000
0.730664 0.058837 -0.680197 -0.578958 -0.001222 0.996391 0.084874 75.288475 0.682736 -0.061183 0.728099 0.554924 0.000000 0.000000 0.000000 1.000000
0.730753 0.058667 -0.680116 -0.585110 -0.001235 0.996412 0.084623 75.284729 0.682640 -0.060998 0.728204 0.524701 0.000000 0.000000 0.000000 1.000000
0.730536 0.058321 -0.680379 -0.590247 -0.001185 0.996453 0.084143 75.283752 0.682873 -0.060663 0.728014 0.492258 0.000000 0.000000 0.000000 1.000000
0.730140 0.057959 -0.680835 -0.592454 -0.001100 0.996494 0.083651 75.276070 0.683297 -0.060328 0.727644 0.456998 0.000000 0.000000 0.000000 1.000000
0.729849 0.057686 -0.681170 -0.592649 -0.000990 0.996521 0.083332 75.256302 0.683607 -0.060145 0.727368 0.420441 0.000000 0.000000 0.000000 1.000000
0.729861 0.057501 -0.681173 -0.593659 -0.000865 0.996533 0.083195 75.227188 0.683595 -0.060131 0.727380 0.385790 0.000000 0.000000 0.000000 1.000000
0.730104 0.057340 -0.680926 -0.597462 -0.000735 0.996539 0.083129 75.196999 0.683336 -0.060192 0.727619 0.355355 0.000000 0.000000 0.000000 1.000000
0.730305 0.057130 -0.680728 -0.604113 -0.000577 0.996548 0.083016 75.173431 0.683121 -0.060235 0.727817 0.328576 0.000000 0.000000 0.000000 1.000000
0.730232 0.056812 -0.680833 -0.612208 -0.000385 0.996571 0.082747 75.158432 0.683199 -0.060162 0.727750 0.302565 0.000000 0.000000 0.000000 1.000000
0.729861 0.056446 -0.681261 -0.620270 -0.000185 0.996601 0.082375 75.148071 0.683596 -0.059996 0.727391 0.273782 0.000000 0.000000 0.000000 1.000000
0.729355 0.056088 -0.681832 -0.627045 0.000007 0.996633 0.081991 75.136368 0.684135 -0.059805 0.726899 0.239820 0.000000 0.000000 0.000000 1.000000
0.728930 0.055797 -0.682311 -0.631887 0.000143 0.996661 0.081656 75.119820 0.684589 -0.059619 0.726488 0.200350 0.000000 0.000000 0.000000 1.000000
0.728711 0.055545 -0.682565 -0.635225 0.000226 0.996686 0.081349 75.098648 0.684822 -0.059434 0.726283 0.157053 0.000000 0.000000 0.000000 1.000000
0.728708 0.055278 -0.682589 -0.638073 0.000290 0.996712 0.081026 75.076256 0.684824 -0.059242 0.726296 0.112800 0.000000 0.000000 0.000000 1.000000
0.728858 0.054985 -0.682453 -0.641042 0.000354 0.996740 0.080686 75.056511 0.684665 -0.059050 0.726462 0.070440 0.000000 0.000000 0.000000 1.000000
0.729063 0.054667 -0.682260 -0.643363 0.000443 0.996767 0.080340 75.041115 0.684447 -0.058875 0.726682 0.032126 0.000000 0.000000 0.000000 1.000000
0.729200 0.054286 -0.682144 -0.643417 0.000598 0.996797 0.079966 75.028496 0.684300 -0.058719 0.726833 -0.000432 0.000000 0.000000 0.000000 1.000000
0.729170 0.053879 -0.682208 -0.640510 0.000793 0.996829 0.079575 75.015831 0.684332 -0.058565 0.726815 -0.025980 0.000000 0.000000 0.000000 1.000000
0.728956 0.053623 -0.682457 -0.635575 0.000888 0.996852 0.079275 75.001930 0.684560 -0.058394 0.726614 -0.044295 0.000000 0.000000 0.000000 1.000000
0.728637 0.053477 -0.682810 -0.630605 0.000914 0.996870 0.079049 74.987831 0.684900 -0.058222 0.726307 -0.057139 0.000000 0.000000 0.000000 1.000000
0.728344 0.053351 -0.683132 -0.627073 0.000934 0.996886 0.078850 74.975471 0.685212 -0.058068 0.726026 -0.067122 0.000000 0.000000 0.000000 1.000000
0.728182 0.053214 -0.683315 -0.625573 0.000952 0.996902 0.078649 74.965973 0.685383 -0.057922 0.725875 -0.076461 0.000000 0.000000 0.000000 1.000000
0.728192 0.053025 -0.683319 -0.625559 0.000973 0.996922 0.078398 74.959442 0.685372 -0.057754 0.725899 -0.086245 0.000000 0.000000 0.000000 1.000000
0.728314 0.052773 -0.683209 -0.625853 0.000997 0.996947 0.078070 74.955208 0.685243 -0.057541 0.726038 -0.096667 0.000000 0.000000 0.000000 1.000000
0.728407 0.052498 -0.683131 -0.624900 0.001020 0.996976 0.077704 74.951950 0.685144 -0.057297 0.726150 -0.107291 0.000000 0.000000 0.000000 1.000000
0.728406 0.052367 -0.683142 -0.623990 0.001030 0.996990 0.077523 74.950386 0.685145 -0.057172 0.726160 -0.112488 0.000000 0.000000 0.000000 1.000000</float_array><technique_common><accessor source="#Hips-Matrix-animation-output-transform-array" count="60" stride="16"><param type="float4x4"/></accessor></technique_common></source><source id="Hips-Interpolations"><Name_array id="Hips-Interpolations-array" count="60">
 LINEAR LINEAR LINEAR LINEAR LINEAR LINEAR LINEAR LINEAR LINEAR LINEAR LINEAR
LINEAR LINEAR LINEAR LINEAR LINEAR LINEAR LINEAR LINEAR LINEAR LINEAR LINEAR LINEAR
LINEAR LINEAR LINEAR LINEAR LINEAR LINEAR LINEAR LINEAR LINEAR LINEAR LINEAR LINEAR
LINEAR LINEAR LINEAR LINEAR LINEAR LINEAR LINEAR LINEAR LINEAR LINEAR LINEAR LINEAR
LINEAR LINEAR LINEAR LINEAR LINEAR LINEAR LINEAR LINEAR LINEAR LINEAR LINEAR LINEAR
LINEAR</Name_array><technique_common><accessor source="#Hips-Interpolations-array" count="60"><param type="name"/></accessor></technique_common></source><sampler id="Hips-Matrix-animation-transform"><input semantic="INPUT" source="#Hips-Matrix-animation-input"/><input semantic="OUTPUT" source="#Hips-Matrix-animation-output-transform"/><input semantic="INTERPOLATION" source="#Hips-Interpolations"/></sampler><channel source="#Hips-Matrix-animation-transform" target="Hips/matrix"/></animation>
    <animation id="Spine-anim" name="Spine"><source id="Spine-Matrix-animation-input"><float_array id="Spine-Matrix-animation-input-array" count="60">

0.000000 0.033333 0.066667 0.100000 0.133333 0.166667 0.200000 0.233333 0.266667 0.300000 0.333333 0.366667 0.400000 0.433333 0.466667 0.500000
0.533333 0.566667 0.600000 0.633333 0.666667 0.700000 0.733333 0.766667 0.800000 0.833333 0.866667 0.900000 0.933333 0.966667 1.000000 1.033333
1.066667 1.100000 1.133333 1.166667 1.200000 1.233333 1.266667 1.300000 1.333333 1.366667 1.400000 1.433333 1.466667 1.500000 1.533333 1.566667
1.600000 1.633333 1.666667 1.700000 1.733333 1.766667 1.800000 1.833333 1.866667 1.900000 1.933333 1.966667</float_array><technique_common><accessor source="#Spine-Matrix-animation-input-array" count="60"><param name="TIME" type="float"/></accessor></technique_common></source><source id="Spine-Matrix-animation-output-transform"><float_array id="Spine-Matrix-animation-output-transform-array" count="960">

0.996430 0.020153 0.081980 0.009000 -0.011796 0.994799 -0.101172 7.062600 -0.083592 0.099844 0.991485 -0.984700 0.000000 0.000000 0.000000 1.000000
0.996430 0.020154 0.081981 0.009000 -0.011801 0.994804 -0.101122 7.062600 -0.083593 0.099794 0.991491 -0.984700 0.000000 0.000000 0.000000 1.000000
0.996430 0.020130 0.081984 0.009000 -0.011786 0.994815 -0.101014 7.062600 -0.083593 0.099687 0.991501 -0.984700 0.000000 0.000000 0.000000 1.000000
0.996436 0.020043 0.081940 0.009000 -0.011718 0.994833 -0.100845 7.062600 -0.083538 0.099525 0.991522 -0.984700 0.000000 0.000000 0.000000 1.000000
0.996448 0.019899 0.081828 0.009000 -0.011605 0.994858 -0.100613 7.062600 -0.083409 0.099306 0.991555 -0.984700 0.000000 0.000000 0.000000 1.000000
0.996473 0.019670 0.081579 0.009000 -0.011425 0.994889 -0.100326 7.062600 -0.083135 0.099040 0.991605 -0.984700 0.000000 0.000000 0.000000 1.000000
0.996498 0.019442 0.081322 0.009000 -0.011250 0.994924 -0.100002 7.062600 -0.082854 0.098737 0.991658 -0.984700 0.000000 0.000000 0.000000 1.000000
0.996514 0.019242 0.081176 0.009000 -0.011096 0.994963 -0.099630 7.062600 -0.082684 0.098382 0.991708 -0.984700 0.000000 0.000000 0.000000 1.000000
0.996520 0.019064 0.081149 0.009000 -0.010957 0.995007 -0.099201 7.062600 -0.082635 0.097966 0.991753 -0.984700 0.000000 0.000000 0.000000 1.000000
0.996518 0.018896 0.081208 0.009000 -0.010825 0.995058 -0.098702 7.062600 -0.082672 0.097479 0.991798 -0.984700 0.000000 0.000000 0.000000 1.000000
0.996513 0.018726 0.081313 0.009000 -0.010689 0.995111 -0.098178 7.062600 -0.082754 0.096966 0.991841 -0.984700 0.000000 0.000000 0.000000 1.000000
0.996506 0.018553 0.081431 0.009000 -0.010545 0.995161 -0.097686 7.062600 -0.082849 0.096486 0.991880 -0.984700 0.000000 0.000000 0.000000 1.000000
0.996504 0.018368 0.081505 0.009000 -0.010390 0.995206 -0.097246 7.062600 -0.082900 0.096059 0.991917 -0.984700 0.000000 0.000000 0.000000 1.000000
0.996510 0.018159 0.081470 0.009000 -0.010219 0.995248 -0.096836 7.062600 -0.082841 0.095666 0.991960 -0.984700 0.000000 0.000000 0.000000 1.000000
0.996528 0.017907 0.081315 0.009000 -0.010018 0.995291 -0.096416 7.062600 -0.082658 0.095267 0.992014 -0.984700 0.000000 0.000000 0.000000 1.000000
0.996545 0.017636 0.081160 0.009000 -0.009800 0.995337 -0.095955 7.062600 -0.082474 0.094828 0.992071 -0.984700 0.000000 0.000000 0.000000 1.000000
0.996553 0.017372 0.081117 0.009000 -0.009581 0.995387 -0.095462 7.062600 -0.082401 0.094356 0.992123 -0.984700 0.000000 0.000000 0.000000 1.000000
0.996551 0.017155 0.081193 0.009000 -0.009398 0.995436 -0.094969 7.062600 -0.082452 0.093879 0.992164 -0.984700 0.000000 0.000000 0.000000 1.000000
0.996544 0.016977 0.081310 0.009000 -0.009248 0.995481 -0.094510 7.062600 -0.082547 0.093432 0.992198 -0.984700 0.000000 0.000000 0.000000 1.000000
0.996541 0.016809 0.081381 0.009000 -0.009107 0.995520 -0.094112 7.062600 -0.082598 0.093046 0.992230 -0.984700 0.000000 0.000000 0.000000 1.000000
0.996545 0.016644 0.081373 0.009000 -0.008972 0.995555 -0.093753 7.062600 -0.082572 0.092699 0.992264 -0.984700 0.000000 0.000000 0.000000 1.000000
0.996552 0.016488 0.081315 0.009000 -0.008850 0.995588 -0.093414 7.062600 -0.082496 0.092372 0.992301 -0.984700 0.000000 0.000000 0.000000 1.000000
0.996559 0.016349 0.081260 0.009000 -0.008744 0.995620 -0.093081 7.062600 -0.082426 0.092050 0.992337 -0.984700 0.000000 0.000000 0.000000 1.000000
0.996562 0.016236 0.081243 0.009000 -0.008658 0.995650 -0.092773 7.062600 -0.082396 0.091751 0.992367 -0.984700 0.000000 0.000000 0.000000 1.000000
0.996563 0.016149 0.081254 0.009000 -0.008591 0.995674 -0.092519 7.062600 -0.082397 0.091503 0.992390 -0.984700 0.000000 0.000000 0.000000 1.000000
0.996561 0.016100 0.081289 0.009000 -0.008553 0.995690 -0.092348 7.062600 -0.082425 0.091335 0.992403 -0.984700 0.000000 0.000000 0.000000 1.000000
0.996557 0.016097 0.081330 0.009000 -0.008551 0.995695 -0.092294 7.062600 -0.082465 0.091281 0.992405 -0.984700 0.000000 0.000000 0.000000 1.000000
0.996553 0.016147 0.081366 0.009000 -0.008590 0.995687 -0.092382 7.062600 -0.082507 0.091365 0.992394 -0.984700 0.000000 0.000000 0.000000 1.000000
0.996550 0.016227 0.081397 0.009000 -0.008651 0.995667 -0.092585 7.062600 -0.082547 0.091562 0.992372 -0.984700 0.000000 0.000000 0.000000 1.000000
0.996545 0.016324 0.081431 0.009000 -0.008723 0.995643 -0.092841 7.062600 -0.082592 0.091810 0.992345 -0.984700 0.000000 0.000000 0.000000 1.000000
0.996541 0.016432 0.081465 0.009000 -0.008805 0.995616 -0.093122 7.062600 -0.082638 0.092082 0.992316 -0.984700 0.000000 0.000000 0.000000 1.000000
0.996538 0.016548 0.081469 0.009000 -0.008891 0.995583 -0.093462 7.062600 -0.082656 0.092414 0.992284 -0.984700 0.000000 0.000000 0.000000 1.000000
0.996540 0.016659 0.081431 0.009000 -0.008971 0.995543 -0.093883 7.062600 -0.082632 0.092827 0.992247 -0.984700 0.000000 0.000000 0.000000 1.000000
0.996543 0.016766 0.081371 0.009000 -0.009047 0.995501 -0.094321 7.062600 -0.082586 0.093259 0.992211 -0.984700 0.000000 0.000000 0.000000 1.000000
0.996544 0.016877 0.081335 0.009000 -0.009128 0.995462 -0.094719 7.062600 -0.082565 0.093649 0.992176 -0.984700 0.000000 0.000000 0.000000 1.000000
0.996540 0.017015 0.081357 0.009000 -0.009236 0.995429 -0.095060 7.062600 -0.082603 0.093980 0.992141 -0.984700 0.000000 0.000000 0.000000 1.000000
0.996531 0.017183 0.081426 0.009000 -0.009369 0.995397 -0.095382 7.062600 -0.082690 0.094288 0.992105 -0.984700 0.000000 0.000000 0.000000 1.000000
0.996523 0.017362 0.081488 0.009000 -0.009515 0.995363 -0.095718 7.062600 -0.082772 0.094610 0.992067 -0.984700 0.000000 0.000000 0.000000 1.000000
0.996519 0.017521 0.081501 0.009000 -0.009640 0.995325 -0.096101 7.062600 -0.082804 0.094981 0.992029 -0.984700 0.000000 0.000000 0.000000 1.000000
0.996520 0.017635 0.081467 0.009000 -0.009724 0.995285 -0.096504 7.062600 -0.082784 0.095376 0.991993 -0.984700 0.000000 0.000000 0.000000 1.000000
0.996522 0.017755 0.081417 0.009000 -0.009818 0.995248 -0.096873 7.062600 -0.082750 0.095736 0.991961 -0.984700 0.000000 0.000000 0.000000 1.000000
0.996521 0.017901 0.081401 0.009000 -0.009940 0.995217 -0.097179 7.062600 -0.082751 0.096032 0.991932 -0.984700 0.000000 0.000000 0.000000 1.000000
0.996514 0.018076 0.081444 0.009000 -0.010088 0.995190 -0.097444 7.062600 -0.082813 0.096283 0.991903 -0.984700 0.000000 0.000000 0.000000 1.000000
0.996503 0.018273 0.081534 0.009000 -0.010254 0.995162 -0.097711 7.062600 -0.082925 0.096533 0.991869 -0.984700 0.000000 0.000000 0.000000 1.000000
0.996490 0.018487 0.081651 0.009000 -0.010431 0.995131 -0.098008 7.062600 -0.083065 0.096813 0.991830 -0.984700 0.000000 0.000000 0.000000 1.000000
0.996476 0.018693 0.081765 0.009000 -0.010599 0.995098 -0.098328 7.062600 -0.083202 0.097114 0.991789 -0.984700 0.000000 0.000000 0.000000 1.000000
0.996467 0.018880 0.081840 0.009000 -0.010751 0.995063 -0.098659 7.062600 -0.083298 0.097431 0.991750 -0.984700 0.000000 0.000000 0.000000 1.000000
0.996460 0.019054 0.081875 0.009000 -0.010893 0.995029 -0.098987 7.062600 -0.083354 0.097744 0.991715 -0.984700 0.000000 0.000000 0.000000 1.000000
0.996457 0.019211 0.081883 0.009000 -0.011023 0.994996 -0.099303 7.062600 -0.083381 0.098048 0.991682 -0.984700 0.000000 0.000000 0.000000 1.000000
0.996454 0.019358 0.081883 0.009000 -0.011144 0.994965 -0.099601 7.062600 -0.083399 0.098336 0.991653 -0.984700 0.000000 0.000000 0.000000 1.000000
0.996451 0.019495 0.081884 0.009000 -0.011258 0.994936 -0.099879 7.062600 -0.083416 0.098603 0.991625 -0.984700 0.000000 0.000000 0.000000 1.000000
0.996448 0.019619 0.081896 0.009000 -0.011359 0.994909 -0.100135 7.062600 -0.083444 0.098849 0.991598 -0.984700 0.000000 0.000000 0.000000 1.000000
0.996443 0.019706 0.081937 0.009000 -0.011423 0.994886 -0.100358 7.062600 -0.083496 0.099065 0.991572 -0.984700 0.000000 0.000000 0.000000 1.000000
0.996437 0.019759 0.081989 0.009000 -0.011455 0.994866 -0.100549 7.062600 -0.083555 0.099251 0.991548 -0.984700 0.000000 0.000000 0.000000 1.000000
0.996433 0.019805 0.082027 0.009000 -0.011482 0.994849 -0.100717 7.062600 -0.083599 0.099416 0.991528 -0.984700 0.000000 0.000000 0.000000 1.000000
0.996432 0.019867 0.082033 0.009000 -0.011531 0.994833 -0.100870 7.062600 -0.083613 0.099564 0.991512 -0.984700 0.000000 0.000000 0.000000 1.000000
0.996431 0.019933 0.082025 0.009000 -0.011586 0.994819 -0.100998 7.062600 -0.083613 0.099687 0.991500 -0.984700 0.000000 0.000000 0.000000 1.000000
0.996430 0.019996 0.082017 0.009000 -0.011641 0.994808 -0.101100 7.062600 -0.083613 0.099784 0.991490 -0.984700 0.000000 0.000000 0.000000 1.000000
0.996430 0.020041 0.082015 0.009000 -0.011680 0.994798 -0.101193 7.062600 -0.083616 0.099874 0.991480 -0.984700 0.000000 0.000000 0.000000 1.000000
0.996429 0.020061 0.082014 0.009000 -0.011696 0.994794 -0.101232 7.062600 -0.083618 0.099911 0.991477 -0.984700 0.000000 0.000000 0.000000 1.000000</float_array><technique_common><accessor source="#Spine-Matrix-animation-output-transform-array" count="60" stride="16"><param type="float4x4"/></accessor></technique_common></source><source id="Spine-Interpolations"><Name_array id="Spine-Interpolations-array" count="60">
 LINEAR LINEAR LINEAR LINEAR LINEAR LINEAR LINEAR LINEAR LINEAR LINEAR LINEAR
LINEAR LINEAR LINEAR LINEAR LINEAR LINEAR LINEAR LINEAR LINEAR LINEAR LINEAR LINEAR
LINEAR LINEAR LINEAR LINEAR LINEAR LINEAR LINEAR LINEAR LINEAR LINEAR LINEAR LINEAR
LINEAR LINEAR LINEAR LINEAR LINEAR LINEAR LINEAR LINEAR LINEAR LINEAR LINEAR LINEAR
LINEAR LINEAR LINEAR LINEAR LINEAR LINEAR LINEAR LINEAR LINEAR LINEAR LINEAR LINEAR
LINEAR</Name_array><technique_common><accessor source="#Spine-Interpolations-array" count="60"><param type="name"/></accessor></technique_common></source><sampler id="Spine-Matrix-animation-transform"><input semantic="INPUT" source="#Spine-Matrix-animation-input"/><input semantic="OUTPUT" source="#Spine-Matrix-animation-output-transform"/><input semantic="INTERPOLATION" source="#Spine-Interpolations"/></sampler><channel source="#Spine-Matrix-animation-transform" target="Spine/matrix"/></animation>
    <animation id="Spine1-anim" name="Spine1"><source id="Spine1-Matrix-animation-input"><float_array id="Spine1-Matrix-animation-input-array" count="60">

0.000000 0.033333 0.066667 0.100000 0.133333 0.166667 0.200000 0.233333 0.266667 0.300000 0.333333 0.366667 0.400000 0.433333 0.466667 0.500000
0.533333 0.566667 0.600000 0.633333 0.666667 0.700000 0.733333 0.766667 0.800000 0.833333 0.866667 0.900000 0.933333 0.966667 1.000000 1.033333
1.066667 1.100000 1.133333 1.166667 1.200000 1.233333 1.266667 1.300000 1.333333 1.366667 1.400000 1.433333 1.466667 1.500000 1.533333 1.566667
1.600000 1.633333 1.666667 1.700000 1.733333 1.766667 1.800000 1.833333 1.866667 1.900000 1.933333 1.966667</float_array><technique_common><accessor source="#Spine1-Matrix-animation-input-array" count="60"><param name="TIME" type="float"/></accessor></technique_common></source><source id="Spine1-Matrix-animation-output-transform"><float_array id="Spine1-Matrix-animation-output-transform-array" count="960">

0.986184 0.053093 0.156915 0.012400 -0.020480 0.979057 -0.202553 8.239700 -0.164383 0.196541 0.966618 -1.148800 0.000000 0.000000 0.000000 1.000000
0.986184 0.053064 0.156923 0.012400 -0.020467 0.979078 -0.202452 8.239700 -0.164382 0.196443 0.966638 -1.148800 0.000000 0.000000 0.000000 1.000000
0.986185 0.052995 0.156941 0.012400 -0.020432 0.979123 -0.202237 8.239700 -0.164382 0.196236 0.966680 -1.148800 0.000000 0.000000 0.000000 1.000000
0.986204 0.052853 0.156870 0.012400 -0.020362 0.979194 -0.201904 8.239700 -0.164278 0.195924 0.966761 -1.148800 0.000000 0.000000 0.000000 1.000000
0.986247 0.052629 0.156673 0.012400 -0.020256 0.979290 -0.201448 8.239700 -0.164030 0.195504 0.966888 -1.148800 0.000000 0.000000 0.000000 1.000000
0.986341 0.052236 0.156217 0.012400 -0.020054 0.979411 -0.200880 8.239700 -0.163493 0.195003 0.967080 -1.148800 0.000000 0.000000 0.000000 1.000000
0.986435 0.051839 0.155749 0.012400 -0.019861 0.979546 -0.200238 8.239700 -0.162944 0.194429 0.967288 -1.148800 0.000000 0.000000 0.000000 1.000000
0.986492 0.051509 0.155501 0.012400 -0.019706 0.979699 -0.199506 8.239700 -0.162620 0.193746 0.967480 -1.148800 0.000000 0.000000 0.000000 1.000000
0.986508 0.051242 0.155489 0.012400 -0.019585 0.979872 -0.198663 8.239700 -0.162539 0.192938 0.967655 -1.148800 0.000000 0.000000 0.000000 1.000000
0.986494 0.051018 0.155650 0.012400 -0.019494 0.980071 -0.197690 8.239700 -0.162634 0.191985 0.967828 -1.148800 0.000000 0.000000 0.000000 1.000000
0.986465 0.050809 0.155901 0.012400 -0.019409 0.980278 -0.196668 8.239700 -0.162819 0.190980 0.967996 -1.148800 0.000000 0.000000 0.000000 1.000000
0.986433 0.050591 0.156172 0.012400 -0.019301 0.980472 -0.195707 8.239700 -0.163024 0.190037 0.968147 -1.148800 0.000000 0.000000 0.000000 1.000000
0.986418 0.050324 0.156357 0.012400 -0.019145 0.980647 -0.194845 8.239700 -0.163137 0.189205 0.968291 -1.148800 0.000000 0.000000 0.000000 1.000000
0.986440 0.049980 0.156329 0.012400 -0.018944 0.980811 -0.194037 8.239700 -0.163028 0.188444 0.968458 -1.148800 0.000000 0.000000 0.000000 1.000000
0.986502 0.049558 0.156070 0.012400 -0.018714 0.980980 -0.193206 8.239700 -0.162677 0.187678 0.968666 -1.148800 0.000000 0.000000 0.000000 1.000000
0.986563 0.049129 0.155817 0.012400 -0.018489 0.981162 -0.192299 8.239700 -0.162330 0.186834 0.968887 -1.148800 0.000000 0.000000 0.000000 1.000000
0.986587 0.048753 0.155785 0.012400 -0.018283 0.981355 -0.191332 8.239700 -0.162209 0.185917 0.969084 -1.148800 0.000000 0.000000 0.000000 1.000000
0.986569 0.048478 0.155985 0.012400 -0.018132 0.981545 -0.190370 8.239700 -0.162335 0.184985 0.969241 -1.148800 0.000000 0.000000 0.000000 1.000000
0.986537 0.048268 0.156255 0.012400 -0.018022 0.981720 -0.189475 8.239700 -0.162545 0.184108 0.969373 -1.148800 0.000000 0.000000 0.000000 1.000000
0.986518 0.048061 0.156433 0.012400 -0.017913 0.981872 -0.188699 8.239700 -0.162667 0.183353 0.969495 -1.148800 0.000000 0.000000 0.000000 1.000000
0.986526 0.047835 0.156452 0.012400 -0.017802 0.982008 -0.187996 8.239700 -0.162630 0.182678 0.969629 -1.148800 0.000000 0.000000 0.000000 1.000000
0.986550 0.047624 0.156368 0.012400 -0.017719 0.982137 -0.187331 8.239700 -0.162497 0.182041 0.969771 -1.148800 0.000000 0.000000 0.000000 1.000000
0.986570 0.047449 0.156293 0.012400 -0.017667 0.982262 -0.186682 8.239700 -0.162378 0.181413 0.969909 -1.148800 0.000000 0.000000 0.000000 1.000000
0.986578 0.047315 0.156287 0.012400 -0.017636 0.982376 -0.186082 8.239700 -0.162337 0.180828 0.970025 -1.148800 0.000000 0.000000 0.000000 1.000000
0.986575 0.047223 0.156333 0.012400 -0.017618 0.982470 -0.185588 8.239700 -0.162357 0.180342 0.970112 -1.148800 0.000000 0.000000 0.000000 1.000000
0.986563 0.047189 0.156417 0.012400 -0.017624 0.982532 -0.185256 8.239700 -0.162427 0.180010 0.970162 -1.148800 0.000000 0.000000 0.000000 1.000000
0.986547 0.047238 0.156503 0.012400 -0.017674 0.982550 -0.185158 8.239700 -0.162518 0.179901 0.970167 -1.148800 0.000000 0.000000 0.000000 1.000000
0.986530 0.047379 0.156566 0.012400 -0.017772 0.982514 -0.185339 8.239700 -0.162610 0.180060 0.970122 -1.148800 0.000000 0.000000 0.000000 1.000000
0.986514 0.047577 0.156612 0.012400 -0.017893 0.982435 -0.185746 8.239700 -0.162699 0.180439 0.970037 -1.148800 0.000000 0.000000 0.000000 1.000000
0.986495 0.047802 0.156659 0.012400 -0.018022 0.982336 -0.186257 8.239700 -0.162795 0.180918 0.969931 -1.148800 0.000000 0.000000 0.000000 1.000000
0.986478 0.048017 0.156699 0.012400 -0.018136 0.982228 -0.186815 8.239700 -0.162884 0.181447 0.969817 -1.148800 0.000000 0.000000 0.000000 1.000000
0.986473 0.048209 0.156676 0.012400 -0.018218 0.982099 -0.187484 8.239700 -0.162909 0.182094 0.969692 -1.148800 0.000000 0.000000 0.000000 1.000000
0.986482 0.048378 0.156565 0.012400 -0.018268 0.981940 -0.188310 8.239700 -0.162848 0.182904 0.969550 -1.148800 0.000000 0.000000 0.000000 1.000000
0.986498 0.048536 0.156413 0.012400 -0.018311 0.981774 -0.189169 8.239700 -0.162744 0.183751 0.969407 -1.148800 0.000000 0.000000 0.000000 1.000000
0.986506 0.048712 0.156312 0.012400 -0.018373 0.981622 -0.189950 8.239700 -0.162692 0.184515 0.969271 -1.148800 0.000000 0.000000 0.000000 1.000000
0.986493 0.048927 0.156327 0.012400 -0.018472 0.981490 -0.190621 8.239700 -0.162760 0.185159 0.969136 -1.148800 0.000000 0.000000 0.000000 1.000000
0.986464 0.049179 0.156432 0.012400 -0.018596 0.981365 -0.191252 8.239700 -0.162922 0.185754 0.968995 -1.148800 0.000000 0.000000 0.000000 1.000000
0.986437 0.049434 0.156520 0.012400 -0.018723 0.981234 -0.191911 8.239700 -0.163069 0.186378 0.968851 -1.148800 0.000000 0.000000 0.000000 1.000000
0.986429 0.049634 0.156508 0.012400 -0.018798 0.981086 -0.192660 8.239700 -0.163110 0.187103 0.968704 -1.148800 0.000000 0.000000 0.000000 1.000000
0.986439 0.049747 0.156405 0.012400 -0.018798 0.980932 -0.193442 8.239700 -0.163046 0.187879 0.968565 -1.148800 0.000000 0.000000 0.000000 1.000000
0.986454 0.049882 0.156271 0.012400 -0.018837 0.980789 -0.194160 8.239700 -0.162953 0.188586 0.968443 -1.148800 0.000000 0.000000 0.000000 1.000000
0.986455 0.050069 0.156206 0.012400 -0.018935 0.980669 -0.194758 8.239700 -0.162938 0.189162 0.968333 -1.148800 0.000000 0.000000 0.000000 1.000000
0.986434 0.050307 0.156260 0.012400 -0.019074 0.980563 -0.195276 8.239700 -0.163047 0.189646 0.968220 -1.148800 0.000000 0.000000 0.000000 1.000000
0.986397 0.050582 0.156408 0.012400 -0.019231 0.980456 -0.195798 8.239700 -0.163255 0.190126 0.968091 -1.148800 0.000000 0.000000 0.000000 1.000000
0.986350 0.050887 0.156603 0.012400 -0.019398 0.980336 -0.196380 8.239700 -0.163517 0.190662 0.967941 -1.148800 0.000000 0.000000 0.000000 1.000000
0.986305 0.051178 0.156793 0.012400 -0.019544 0.980208 -0.197005 8.239700 -0.163772 0.191242 0.967784 -1.148800 0.000000 0.000000 0.000000 1.000000
0.986274 0.051431 0.156903 0.012400 -0.019664 0.980075 -0.197653 8.239700 -0.163942 0.191855 0.967634 -1.148800 0.000000 0.000000 0.000000 1.000000
0.986257 0.051655 0.156936 0.012400 -0.019772 0.979944 -0.198291 8.239700 -0.164031 0.192463 0.967498 -1.148800 0.000000 0.000000 0.000000 1.000000
0.986249 0.051850 0.156919 0.012400 -0.019865 0.979817 -0.198906 8.239700 -0.164065 0.193054 0.967374 -1.148800 0.000000 0.000000 0.000000 1.000000
0.986245 0.052024 0.156889 0.012400 -0.019945 0.979698 -0.199487 8.239700 -0.164082 0.193613 0.967260 -1.148800 0.000000 0.000000 0.000000 1.000000
0.986241 0.052178 0.156863 0.012400 -0.020012 0.979586 -0.200026 8.239700 -0.164098 0.194135 0.967152 -1.148800 0.000000 0.000000 0.000000 1.000000
0.986234 0.052315 0.156863 0.012400 -0.020063 0.979484 -0.200521 8.239700 -0.164135 0.194613 0.967050 -1.148800 0.000000 0.000000 0.000000 1.000000
0.986218 0.052421 0.156924 0.012400 -0.020083 0.979395 -0.200955 8.239700 -0.164225 0.195034 0.966950 -1.148800 0.000000 0.000000 0.000000 1.000000
0.986201 0.052490 0.157009 0.012400 -0.020072 0.979318 -0.201327 8.239700 -0.164329 0.195397 0.966859 -1.148800 0.000000 0.000000 0.000000 1.000000
0.986188 0.052553 0.157069 0.012400 -0.020066 0.979251 -0.201655 8.239700 -0.164408 0.195718 0.966780 -1.148800 0.000000 0.000000 0.000000 1.000000
0.986184 0.052648 0.157066 0.012400 -0.020110 0.979188 -0.201955 8.239700 -0.164430 0.196006 0.966718 -1.148800 0.000000 0.000000 0.000000 1.000000
0.986183 0.052746 0.157037 0.012400 -0.020170 0.979135 -0.202206 8.239700 -0.164426 0.196245 0.966671 -1.148800 0.000000 0.000000 0.000000 1.000000
0.986183 0.052829 0.157009 0.012400 -0.020224 0.979093 -0.202405 8.239700 -0.164419 0.196433 0.966633 -1.148800 0.000000 0.000000 0.000000 1.000000
0.986183 0.052881 0.156995 0.012400 -0.020248 0.979055 -0.202586 8.239700 -0.164420 0.196608 0.966598 -1.148800 0.000000 0.000000 0.000000 1.000000
0.986183 0.052902 0.156989 0.012400 -0.020257 0.979039 -0.202661 8.239700 -0.164419 0.196681 0.966583 -1.148800 0.000000 0.000000 0.000000 1.000000</float_array><technique_common><accessor source="#Spine1-Matrix-animation-output-transform-array" count="60" stride="16"><param type="float4x4"/></accessor></technique_common></source><source id="Spine1-Interpolations"><Name_array id="Spine1-Interpolations-array" count="60">
 LINEAR LINEAR LINEAR LINEAR LINEAR LINEAR LINEAR LINEAR LINEAR LINEAR LINEAR
LINEAR LINEAR LINEAR LINEAR LINEAR LINEAR LINEAR LINEAR LINEAR LINEAR LINEAR LINEAR
LINEAR LINEAR LINEAR LINEAR LINEAR LINEAR LINEAR LINEAR LINEAR LINEAR LINEAR LINEAR
LINEAR LINEAR LINEAR LINEAR LINEAR LINEAR LINEAR LINEAR LINEAR LINEAR LINEAR LINEAR
LINEAR LINEAR LINEAR LINEAR LINEAR LINEAR LINEAR LINEAR LINEAR LINEAR LINEAR LINEAR
LINEAR</Name_array><technique_common><accessor source="#Spine1-Interpolations-array" count="60"><param type="name"/></accessor></technique_common></source><sampler id="Spine1-Matrix-animation-transform"><input semantic="INPUT" source="#Spine1-Matrix-animation-input"/><input semantic="OUTPUT" source="#Spine1-Matrix-animation-output-transform"/><input semantic="INTERPOLATION" source="#Spine1-Interpolations"/></sampler><channel source="#Spine1-Matrix-animation-transform" target="Spine1/matrix"/></animation>
    <animation id="Spine2-anim" name="Spine2"><source id="Spine2-Matrix-animation-input"><float_array id="Spine2-Matrix-animation-input-array" count="60">

0.000000 0.033333 0.066667 0.100000 0.133333 0.166667 0.200000 0.233333 0.266667 0.300000 0.333333 0.366667 0.400000 0.433333 0.466667 0.500000
0.533333 0.566667 0.600000 0.633333 0.666667 0.700000 0.733333 0.766667 0.800000 0.833333 0.866667 0.900000 0.933333 0.966667 1.000000 1.033333
1.066667 1.100000 1.133333 1.166667 1.200000 1.233333 1.266667 1.300000 1.333333 1.366667 1.400000 1.433333 1.466667 1.500000 1.533333 1.566667
1.600000 1.633333 1.666667 1.700000 1.733333 1.766667 1.800000 1.833333 1.866667 1.900000 1.933333 1.966667</float_array><technique_common><accessor source="#Spine2-Matrix-animation-input-array" count="60"><param name="TIME" type="float"/></accessor></technique_common></source><source id="Spine2-Matrix-animation-output-transform"><float_array id="Spine2-Matrix-animation-output-transform-array" count="960">

0.986184 0.053093 0.156915 0.014200 -0.020480 0.979057 -0.202553 9.416800 -0.164383 0.196541 0.966618 -1.313000 0.000000 0.000000 0.000000 1.000000
0.986184 0.053064 0.156923 0.014200 -0.020467 0.979078 -0.202452 9.416800 -0.164382 0.196443 0.966638 -1.313000 0.000000 0.000000 0.000000 1.000000
0.986185 0.052995 0.156941 0.014200 -0.020432 0.979124 -0.202237 9.416800 -0.164382 0.196236 0.966680 -1.313000 0.000000 0.000000 0.000000 1.000000
0.986204 0.052853 0.156870 0.014200 -0.020361 0.979194 -0.201904 9.416800 -0.164278 0.195924 0.966761 -1.313000 0.000000 0.000000 0.000000 1.000000
0.986247 0.052629 0.156673 0.014200 -0.020256 0.979290 -0.201448 9.416800 -0.164030 0.195504 0.966888 -1.313000 0.000000 0.000000 0.000000 1.000000
0.986341 0.052236 0.156217 0.014200 -0.020054 0.979411 -0.200880 9.416800 -0.163493 0.195003 0.967080 -1.313000 0.000000 0.000000 0.000000 1.000000
0.986435 0.051839 0.155749 0.014200 -0.019861 0.979546 -0.200238 9.416800 -0.162944 0.194429 0.967288 -1.313000 0.000000 0.000000 0.000000 1.000000
0.986492 0.051509 0.155501 0.014200 -0.019706 0.979699 -0.199506 9.416800 -0.162621 0.193746 0.967480 -1.313000 0.000000 0.000000 0.000000 1.000000
0.986508 0.051242 0.155489 0.014200 -0.019585 0.979872 -0.198663 9.416800 -0.162539 0.192938 0.967655 -1.313000 0.000000 0.000000 0.000000 1.000000
0.986494 0.051018 0.155650 0.014200 -0.019494 0.980071 -0.197690 9.416800 -0.162634 0.191985 0.967828 -1.313000 0.000000 0.000000 0.000000 1.000000
0.986465 0.050809 0.155900 0.014200 -0.019409 0.980278 -0.196667 9.416800 -0.162818 0.190980 0.967996 -1.313000 0.000000 0.000000 0.000000 1.000000
0.986433 0.050591 0.156172 0.014200 -0.019301 0.980472 -0.195707 9.416800 -0.163024 0.190037 0.968147 -1.313000 0.000000 0.000000 0.000000 1.000000
0.986418 0.050324 0.156357 0.014200 -0.019145 0.980647 -0.194845 9.416800 -0.163137 0.189205 0.968291 -1.313000 0.000000 0.000000 0.000000 1.000000
0.986440 0.049980 0.156330 0.014200 -0.018944 0.980811 -0.194037 9.416800 -0.163028 0.188444 0.968458 -1.313000 0.000000 0.000000 0.000000 1.000000
0.986502 0.049557 0.156070 0.014200 -0.018714 0.980980 -0.193206 9.416800 -0.162677 0.187678 0.968666 -1.313000 0.000000 0.000000 0.000000 1.000000
0.986563 0.049129 0.155817 0.014200 -0.018489 0.981162 -0.192299 9.416800 -0.162330 0.186834 0.968887 -1.313000 0.000000 0.000000 0.000000 1.000000
0.986587 0.048753 0.155785 0.014200 -0.018283 0.981355 -0.191332 9.416800 -0.162209 0.185917 0.969084 -1.313000 0.000000 0.000000 0.000000 1.000000
0.986569 0.048478 0.155985 0.014200 -0.018132 0.981545 -0.190370 9.416800 -0.162335 0.184985 0.969241 -1.313000 0.000000 0.000000 0.000000 1.000000
0.986537 0.048268 0.156255 0.014200 -0.018022 0.981720 -0.189475 9.416800 -0.162545 0.184108 0.969373 -1.313000 0.000000 0.000000 0.000000 1.000000
0.986518 0.048061 0.156434 0.014200 -0.017913 0.981872 -0.188699 9.416800 -0.162667 0.183352 0.969495 -1.313000 0.000000 0.000000 0.000000 1.000000
0.986526 0.047835 0.156452 0.014200 -0.017802 0.982008 -0.187996 9.416800 -0.162630 0.182678 0.969629 -1.313000 0.000000 0.000000 0.000000 1.000000
0.986550 0.047624 0.156368 0.014200 -0.017719 0.982137 -0.187331 9.416800 -0.162497 0.182041 0.969771 -1.313000 0.000000 0.000000 0.000000 1.000000
0.986570 0.047449 0.156293 0.014200 -0.017667 0.982262 -0.186682 9.416800 -0.162378 0.181413 0.969909 -1.313000 0.000000 0.000000 0.000000 1.000000
0.986578 0.047315 0.156287 0.014200 -0.017636 0.982376 -0.186082 9.416800 -0.162337 0.180828 0.970025 -1.313000 0.000000 0.000000 0.000000 1.000000
0.986575 0.047223 0.156333 0.014200 -0.017618 0.982470 -0.185588 9.416800 -0.162357 0.180342 0.970112 -1.313000 0.000000 0.000000 0.000000 1.000000
0.986563 0.047189 0.156417 0.014200 -0.017624 0.982532 -0.185256 9.416800 -0.162427 0.180010 0.970162 -1.313000 0.000000 0.000000 0.000000 1.000000
0.986547 0.047238 0.156503 0.014200 -0.017673 0.982550 -0.185158 9.416800 -0.162518 0.179901 0.970167 -1.313000 0.000000 0.000000 0.000000 1.000000
0.986530 0.047379 0.156566 0.014200 -0.017772 0.982514 -0.185339 9.416800 -0.162610 0.180060 0.970122 -1.313000 0.000000 0.000000 0.000000 1.000000
0.986514 0.047577 0.156612 0.014200 -0.017893 0.982435 -0.185746 9.416800 -0.162698 0.180439 0.970037 -1.313000 0.000000 0.000000 0.000000 1.000000
0.986495 0.047802 0.156659 0.014200 -0.018022 0.982336 -0.186257 9.416800 -0.162795 0.180918 0.969931 -1.313000 0.000000 0.000000 0.000000 1.000000
0.986478 0.048017 0.156699 0.014200 -0.018136 0.982228 -0.186814 9.416800 -0.162884 0.181447 0.969817 -1.313000 0.000000 0.000000 0.000000 1.000000
0.986473 0.048209 0.156676 0.014200 -0.018218 0.982099 -0.187484 9.416800 -0.162909 0.182094 0.969692 -1.313000 0.000000 0.000000 0.000000 1.000000
0.986482 0.048378 0.156565 0.014200 -0.018268 0.981940 -0.188310 9.416800 -0.162848 0.182904 0.969550 -1.313000 0.000000 0.000000 0.000000 1.000000
0.986498 0.048537 0.156414 0.014200 -0.018311 0.981774 -0.189169 9.416800 -0.162744 0.183751 0.969407 -1.313000 0.000000 0.000000 0.000000 1.000000
0.986506 0.048712 0.156312 0.014200 -0.018373 0.981622 -0.189950 9.416800 -0.162693 0.184515 0.969271 -1.313000 0.000000 0.000000 0.000000 1.000000
