<?xml version="1.0" encoding="utf-8"?>
<COLLADA xmlns="http://www.collada.org/2005/11/COLLADASchema" version="1.4.1">
  <asset><contributor><author>Mixamo</author><authoring_tool>COLLADA Mixamo exporter</authoring_tool><comments></comments></contributor><created>2018-10-29T23:18:29Z</created><modified>2018-10-29T23:18:29Z</modified><revision></revision><title></title><unit meter="0.010000"/><up_axis>Y_UP</up_axis></asset>
  <library_animations>
    <animation id="Hips-anim" name="Hips"><source id="Hips-Matrix-animation-input"><float_array id="Hips-Matrix-animation-input-array" count="64">

0.000000 0.033333 0.066667 0.100000 0.133333 0.166667 0.200000 0.233333 0.266667 0.300000 0.333333 0.366667 0.400000 0.433333 0.466667 0.500000
0.533333 0.566667 0.600000 0.633333 0.666667 0.700000 0.733333 0.766667 0.800000 0.833333 0.866667 0.900000 0.933333 0.966667 1.000000 1.033333
1.066667 1.100000 1.133333 1.166667 1.200000 1.233333 1.266667 1.300000 1.333333 1.366667 1.400000 1.433333 1.466667 1.500000 1.533333 1.566667
1.600000 1.633333 1.666667 1.700000 1.733333 1.766667 1.800000 1.833333 1.866667 1.900000 1.933333 1.966667 2.000000 2.033333 2.066667 2.100000</float_array><technique_common><accessor source="#Hips-Matrix-animation-input-array" count="64"><param name="TIME" type="float"/></accessor></technique_common></source><source id="Hips-Matrix-animation-output-transform"><float_array id="Hips-Matrix-animation-output-transform-array" count="1024">

0.957221 0.018882 -0.288740 0.029466 -0.118637 0.935751 -0.332106 64.487450 0.263918 0.352154 0.897961 0.310152 0.000000 0.000000 0.000000 1.000000
0.847786 -0.051296 -0.527853 -1.128259 -0.126226 0.947192 -0.294778 62.537590 0.515099 0.316537 0.796541 12.236622 0.000000 0.000000 0.000000 1.000000
0.744131 -0.116498 -0.657797 -4.046177 -0.071915 0.964985 -0.252255 61.474400 0.664151 0.235016 0.709698 23.796579 0.000000 0.000000 0.000000 1.000000
0.761086 -0.128116 -0.635872 -7.598430 -0.030298 0.972209 -0.232145 61.460724 0.647942 0.195948 0.736054 36.904385 0.000000 0.000000 0.000000 1.000000
0.847688 -0.071372 -0.525672 -11.572105 -0.039486 0.979671 -0.196687 62.312954 0.529023 0.187486 0.827637 50.700123 0.000000 0.000000 0.000000 1.000000
0.917504 0.025980 -0.396876 -14.669393 -0.093721 0.983887 -0.152259 62.908829 0.386526 0.176894 0.905155 60.340633 0.000000 0.000000 0.000000 1.000000
0.929150 0.131934 -0.345360 -16.770369 -0.180743 0.977014 -0.113030 64.306053 0.322509 0.167444 0.931639 71.841232 0.000000 0.000000 0.000000 1.000000
0.919947 0.240521 -0.309592 -18.461430 -0.276484 0.957898 -0.077379 66.593559 0.277947 0.156782 0.947716 82.031784 0.000000 0.000000 0.000000 1.000000
0.892410 0.354257 -0.279477 -20.023779 -0.380424 0.923775 -0.043797 69.121552 0.242658 0.145405 0.959153 91.706947 0.000000 0.000000 0.000000 1.000000
0.850492 0.462193 -0.251079 -21.195415 -0.481172 0.876472 -0.016463 72.469086 0.212455 0.134814 0.967827 100.759735 0.000000 0.000000 0.000000 1.000000
0.801720 0.555744 -0.219984 -21.903320 -0.569848 0.821749 -0.000804 76.568886 0.180325 0.126002 0.975503 109.276787 0.000000 0.000000 0.000000 1.000000
0.761897 0.621704 -0.181649 -22.739050 -0.632801 0.774304 -0.004079 81.242905 0.138115 0.118056 0.983355 117.898857 0.000000 0.000000 0.000000 1.000000
0.740832 0.658749 -0.131214 -23.688107 -0.668279 0.742531 -0.045278 87.196747 0.067603 0.121231 0.990320 127.125023 0.000000 0.000000 0.000000 1.000000
0.705733 0.707807 -0.030833 -24.230829 -0.705138 0.697519 -0.127469 93.059364 -0.068717 0.111701 0.991363 135.326874 0.000000 0.000000 0.000000 1.000000
0.636067 0.766484 0.089006 -24.792816 -0.736691 0.637528 -0.225486 98.122040 -0.229575 0.077854 0.970172 142.976898 0.000000 0.000000 0.000000 1.000000
0.538936 0.821973 0.184141 -25.353653 -0.754504 0.568256 -0.328344 103.314522 -0.374529 0.038021 0.926435 150.831543 0.000000 0.000000 0.000000 1.000000
0.429727 0.875042 0.222791 -25.936720 -0.772470 0.484025 -0.411107 109.288589 -0.467573 0.004565 0.883943 159.329681 0.000000 0.000000 0.000000 1.000000
0.311199 0.921196 0.233566 -26.561890 -0.776970 0.388144 -0.495643 115.582024 -0.547242 -0.027230 0.836532 168.314484 0.000000 0.000000 0.000000 1.000000
0.163778 0.953723 0.252168 -26.866945 -0.718608 0.290466 -0.631848 120.423882 -0.675854 -0.077727 0.732926 177.267776 0.000000 0.000000 0.000000 1.000000
-0.030133 0.964014 0.264137 -26.968216 -0.570237 0.200455 -0.796648 124.177383 -0.820928 -0.174626 0.543676 186.285507 0.000000 0.000000 0.000000 1.000000
-0.236260 0.945621 0.223567 -27.297174 -0.321563 0.141028 -0.936327 127.394455 -0.916940 -0.293107 0.270758 195.597519 0.000000 0.000000 0.000000 1.000000
-0.401991 0.910134 0.100294 -28.033340 0.015130 0.116122 -0.993120 130.184235 -0.915519 -0.397707 -0.060450 204.914444 0.000000 0.000000 0.000000 1.000000
-0.460955 0.879230 -0.120312 -28.475035 0.432168 0.103997 -0.895776 132.044220 -0.775081 -0.464907 -0.427914 213.564804 0.000000 0.000000 0.000000 1.000000
-0.356031 0.868736 -0.344296 -28.178001 0.818019 0.111620 -0.564257 131.740845 -0.451760 -0.482533 -0.750383 221.113464 0.000000 0.000000 0.000000 1.000000
-0.107480 0.874037 -0.473822 -27.528780 0.992313 0.064903 -0.105369 130.235672 -0.061344 -0.481505 -0.874294 228.027054 0.000000 0.000000 0.000000 1.000000
0.195993 0.888478 -0.414961 -26.880814 0.912701 -0.010550 0.408493 127.992859 0.358559 -0.458797 -0.812983 235.051819 0.000000 0.000000 0.000000 1.000000
0.450580 0.866296 -0.215658 -26.231436 0.576161 -0.097662 0.811481 124.944626 0.681921 -0.489891 -0.543130 241.320145 0.000000 0.000000 0.000000 1.000000
0.568095 0.822642 0.022977 -25.820650 0.091392 -0.090811 0.991666 121.448372 0.817872 -0.561261 -0.126772 247.745071 0.000000 0.000000 0.000000 1.000000
0.506795 0.805871 0.306156 -25.528072 -0.440883 -0.062891 0.895359 117.444984 0.740798 -0.588742 0.323422 254.683273 0.000000 0.000000 0.000000 1.000000
0.276601 0.803652 0.526911 -25.278217 -0.829056 -0.077712 0.553739 113.293350 0.485961 -0.590004 0.644777 261.102875 0.000000 0.000000 0.000000 1.000000
0.023218 0.775733 0.630634 -25.340469 -0.980833 -0.104393 0.164523 108.091354 0.193460 -0.622367 0.758441 268.723114 0.000000 0.000000 0.000000 1.000000
-0.122651 0.745794 0.654789 -24.847816 -0.991019 -0.056616 -0.121147 102.316498 -0.053279 -0.663767 0.746039 276.060059 0.000000 0.000000 0.000000 1.000000
-0.222065 0.732322 0.643732 -24.085144 -0.951494 -0.018571 -0.307105 97.216125 -0.212945 -0.680705 0.700925 282.860138 0.000000 0.000000 0.000000 1.000000
-0.309917 0.709254 0.633175 -23.527836 -0.915204 -0.042116 -0.400784 89.897354 -0.257591 -0.703694 0.662164 291.272034 0.000000 0.000000 0.000000 1.000000
-0.394688 0.706127 0.587882 -23.042274 -0.858951 -0.056390 -0.508943 84.095482 -0.326228 -0.705836 0.628785 297.914612 0.000000 0.000000 0.000000 1.000000
-0.468937 0.739389 0.483116 -22.672802 -0.787984 -0.103148 -0.606994 78.564926 -0.398973 -0.665330 0.630997 304.643311 0.000000 0.000000 0.000000 1.000000
-0.525317 0.791527 0.312295 -22.350138 -0.688071 -0.179225 -0.703162 72.240730 -0.500600 -0.584264 0.638776 311.425934 0.000000 0.000000 0.000000 1.000000
-0.552723 0.824666 0.120100 -21.972221 -0.570409 -0.269304 -0.775957 65.776779 -0.607561 -0.497395 0.619247 318.113617 0.000000 0.000000 0.000000 1.000000
-0.574151 0.817746 -0.040522 -21.431011 -0.439850 -0.349812 -0.827141 60.049324 -0.690567 -0.457080 0.560531 324.946106 0.000000 0.000000 0.000000 1.000000
-0.663405 0.738949 -0.117678 -20.604303 -0.272357 -0.384947 -0.881838 57.658413 -0.696932 -0.552965 0.456634 332.348419 0.000000 0.000000 0.000000 1.000000
-0.716128 0.696140 -0.050498 -18.583656 -0.135079 -0.209212 -0.968496 57.701122 -0.684773 -0.686745 0.243857 340.510651 0.000000 0.000000 0.000000 1.000000
-0.727795 0.681062 0.080432 -15.828811 -0.034596 0.080672 -0.996140 59.084042 -0.684922 -0.727768 -0.035151 349.268677 0.000000 0.000000 0.000000 1.000000
-0.761277 0.619992 0.189916 -12.892453 0.077858 0.378168 -0.922457 60.032757 -0.643736 -0.687458 -0.336162 358.468994 0.000000 0.000000 0.000000 1.000000
-0.850063 0.488443 0.197016 -10.035225 0.179280 0.620084 -0.763777 59.916027 -0.495228 -0.613938 -0.614678 366.971710 0.000000 0.000000 0.000000 1.000000
-0.950218 0.289285 0.115756 -7.041647 0.188633 0.829781 -0.525243 59.243000 -0.247997 -0.477260 -0.843042 373.807922 0.000000 0.000000 0.000000 1.000000
-0.975703 0.217759 0.024173 -4.865671 0.206479 0.950800 -0.230968 59.675266 -0.073279 -0.220365 -0.972661 379.552094 0.000000 0.000000 0.000000 1.000000
-0.948721 0.254406 -0.187633 -3.074626 0.259360 0.965779 -0.001923 60.299995 0.180723 -0.050489 -0.982237 384.558868 0.000000 0.000000 0.000000 1.000000
-0.875001 0.254926 -0.411566 -1.740295 0.203577 0.965063 0.164954 61.028061 0.439238 0.060549 -0.896328 388.790039 0.000000 0.000000 0.000000 1.000000
-0.773849 0.250198 -0.581857 -0.505261 0.118207 0.959580 0.255408 61.823711 0.622242 0.128868 -0.772145 393.396362 0.000000 0.000000 0.000000 1.000000
-0.638220 0.218557 -0.738179 0.559008 0.006256 0.960296 0.278911 62.595436 0.769829 0.173388 -0.614247 397.974579 0.000000 0.000000 0.000000 1.000000
-0.510769 0.182584 -0.840106 1.114061 -0.078672 0.963161 0.257159 63.240860 0.856111 0.197442 -0.477589 403.019653 0.000000 0.000000 0.000000 1.000000
-0.372163 0.133530 -0.918512 1.357574 -0.153809 0.967043 0.202906 63.644234 0.915335 0.216790 -0.339359 408.099030 0.000000 0.000000 0.000000 1.000000
-0.228377 0.048715 -0.972353 1.590462 -0.197507 0.975661 0.095269 63.956459 0.953328 0.213804 -0.213197 414.295746 0.000000 0.000000 0.000000 1.000000
-0.095971 -0.040380 -0.994565 1.559298 -0.219052 0.975538 -0.018470 64.284813 0.970982 0.216089 -0.102468 421.377045 0.000000 0.000000 0.000000 1.000000
0.024947 -0.118509 -0.992639 0.965982 -0.222429 0.967400 -0.121086 65.034744 0.974630 0.223812 -0.002226 428.668365 0.000000 0.000000 0.000000 1.000000
0.135089 -0.146575 -0.979932 0.186423 -0.220125 0.959843 -0.173916 65.929184 0.966072 0.239202 0.097400 436.361816 0.000000 0.000000 0.000000 1.000000
0.237601 -0.160538 -0.958005 -0.659662 -0.216883 0.952583 -0.213419 66.846306 0.946841 0.258484 0.191517 444.396118 0.000000 0.000000 0.000000 1.000000
0.325675 -0.140180 -0.935032 -1.756149 -0.232067 0.946844 -0.222780 67.314400 0.916559 0.289544 0.275832 453.037781 0.000000 0.000000 0.000000 1.000000
0.428642 -0.099356 -0.897995 -2.402312 -0.239620 0.945838 -0.219028 66.762032 0.871119 0.309062 0.381618 461.627563 0.000000 0.000000 0.000000 1.000000
0.557237 -0.085113 -0.825980 -2.089167 -0.215505 0.945823 -0.242850 66.231026 0.801900 0.313328 0.508706 468.614471 0.000000 0.000000 0.000000 1.000000
0.704559 -0.079597 -0.705167 -1.991532 -0.183022 0.939692 -0.288934 66.445145 0.685638 0.332632 0.647500 475.862366 0.000000 0.000000 0.000000 1.000000
0.835523 -0.076783 -0.544064 -1.775162 -0.138586 0.928724 -0.343897 67.132401 0.531691 0.362733 0.765330 482.936798 0.000000 0.000000 0.000000 1.000000
0.929699 -0.070886 -0.361435 -1.353160 -0.084379 0.914217 -0.396343 68.021675 0.358525 0.398977 0.843965 489.944427 0.000000 0.000000 0.000000 1.000000
0.983988 -0.060688 -0.167585 -0.968233 -0.019755 0.897319 -0.440940 68.559471 0.177138 0.437190 0.881752 497.060272 0.000000 0.000000 0.000000 1.000000</float_array><technique_common><accessor source="#Hips-Matrix-animation-output-transform-array" count="64" stride="16"><param type="float4x4"/></accessor></technique_common></source><source id="Hips-Interpolations"><Name_array id="Hips-Interpolations-array" count="64">
 LINEAR LINEAR LINEAR LINEAR LINEAR LINEAR LINEAR LINEAR LINEAR LINEAR LINEAR
LINEAR LINEAR LINEAR LINEAR LINEAR LINEAR LINEAR LINEAR LINEAR LINEAR LINEAR LINEAR
LINEAR LINEAR LINEAR LINEAR LINEAR LINEAR LINEAR LINEAR LINEAR LINEAR LINEAR LINEAR
LINEAR LINEAR LINEAR LINEAR LINEAR LINEAR LINEAR LINEAR LINEAR LINEAR LINEAR LINEAR
LINEAR LINEAR LINEAR LINEAR LINEAR LINEAR LINEAR LINEAR LINEAR LINEAR LINEAR LINEAR
LINEAR LINEAR LINEAR LINEAR LINEAR</Name_array><technique_common><accessor source="#Hips-Interpolations-array" count="64"><param type="name"/></accessor></technique_common></source><sampler id="Hips-Matrix-animation-transform"><input semantic="INPUT" source="#Hips-Matrix-animation-input"/><input semantic="OUTPUT" source="#Hips-Matrix-animation-output-transform"/><input semantic="INTERPOLATION" source="#Hips-Interpolations"/></sampler><channel source="#Hips-Matrix-animation-transform" target="Hips/matrix"/></animation>
    <animation id="Spine-anim" name="Spine"><source id="Spine-Matrix-animation-input"><float_array id="Spine-Matrix-animation-input-array" count="64">

0.000000 0.033333 0.066667 0.100000 0.133333 0.166667 0.200000 0.233333 0.266667 0.300000 0.333333 0.366667 0.400000 0.433333 0.466667 0.500000
0.533333 0.566667 0.600000 0.633333 0.666667 0.700000 0.733333 0.766667 0.800000 0.833333 0.866667 0.900000 0.933333 0.966667 1.000000 1.033333
1.066667 1.100000 1.133333 1.166667 1.200000 1.233333 1.266667 1.300000 1.333333 1.366667 1.400000 1.433333 1.466667 1.500000 1.533333 1.566667
1.600000 1.633333 1.666667 1.700000 1.733333 1.766667 1.800000 1.833333 1.866667 1.900000 1.933333 1.966667 2.000000 2.033333 2.066667 2.100000</float_array><technique_common><accessor source="#Spine-Matrix-animation-input-array" count="64"><param name="TIME" type="float"/></accessor></technique_common></source><source id="Spine-Matrix-animation-output-transform"><float_array id="Spine-Matrix-animation-output-transform-array" count="1024">

0.990979 -0.010616 0.133594 0.009000 0.018790 0.998017 -0.060073 7.062600 -0.132692 0.062041 0.989214 -0.984700 0.000000 0.000000 0.000000 1.000000
0.991397 -0.013832 0.130157 0.009000 0.020062 0.998709 -0.046673 7.062600 -0.129343 0.048883 0.990394 -0.984700 0.000000 0.000000 0.000000 1.000000
0.992224 0.019540 0.122922 0.009000 -0.014890 0.999142 -0.038634 7.062600 -0.123571 0.036503 0.991664 -0.984700 0.000000 0.000000 0.000000 1.000000
0.989213 0.076551 0.124891 0.009000 -0.072820 0.996759 -0.034173 7.062600 -0.127102 0.024710 0.991582 -0.984700 0.000000 0.000000 0.000000 1.000000
0.981178 0.127846 0.144722 0.009000 -0.124386 0.991693 -0.032750 7.062600 -0.147707 0.014132 0.988930 -0.984700 0.000000 0.000000 0.000000 1.000000
0.977230 0.140937 0.158615 0.009000 -0.137417 0.989963 -0.032998 7.062600 -0.161674 0.010451 0.986789 -0.984700 0.000000 0.000000 0.000000 1.000000
0.981334 0.122005 0.148653 0.009000 -0.118154 0.992396 -0.034503 7.062600 -0.151732 0.016295 0.988287 -0.984700 0.000000 0.000000 0.000000 1.000000
0.988982 0.096699 0.112087 0.009000 -0.092634 0.994858 -0.040938 7.062600 -0.115469 0.030104 0.992855 -0.984700 0.000000 0.000000 0.000000 1.000000
0.995801 0.066059 0.063383 0.009000 -0.063246 0.996964 -0.045418 7.062600 -0.066191 0.041218 0.996955 -0.984700 0.000000 0.000000 0.000000 1.000000
0.999376 0.033596 0.010926 0.009000 -0.032996 0.998149 -0.051096 7.062600 -0.012622 0.050703 0.998634 -0.984700 0.000000 0.000000 0.000000 1.000000
0.999292 0.006377 -0.037075 0.009000 -0.008514 0.998294 -0.057766 7.062600 0.036643 0.058041 0.997641 -0.984700 0.000000 0.000000 0.000000 1.000000
0.997422 0.003400 -0.071682 0.009000 -0.007762 0.998128 -0.060664 7.062600 0.071341 0.061064 0.995581 -0.984700 0.000000 0.000000 0.000000 1.000000
0.995183 0.017426 -0.096476 0.009000 -0.023752 0.997615 -0.064814 7.062600 0.095117 0.066793 0.993223 -0.984700 0.000000 0.000000 0.000000 1.000000
0.992869 0.024355 -0.116697 0.009000 -0.033697 0.996324 -0.078761 7.062600 0.114350 0.082132 0.990040 -0.984700 0.000000 0.000000 0.000000 1.000000
0.991972 0.026184 -0.123717 0.009000 -0.038543 0.994381 -0.098591 7.062600 0.120441 0.102568 0.987408 -0.984700 0.000000 0.000000 0.000000 1.000000
0.992316 0.025923 -0.120980 0.009000 -0.040396 0.992101 -0.118760 7.062600 0.116946 0.122735 0.985525 -0.984700 0.000000 0.000000 0.000000 1.000000
0.994324 0.026515 -0.103033 0.009000 -0.040342 0.990089 -0.134526 7.062600 0.098445 0.137919 0.985539 -0.984700 0.000000 0.000000 0.000000 1.000000
0.996431 0.028697 -0.079385 0.009000 -0.040156 0.988357 -0.146759 7.062600 0.074249 0.149423 0.985982 -0.984700 0.000000 0.000000 0.000000 1.000000
0.998006 0.021711 -0.059276 0.009000 -0.030655 0.987530 -0.154418 7.062600 0.055184 0.155928 0.986226 -0.984700 0.000000 0.000000 0.000000 1.000000
0.998839 0.004050 -0.047999 0.009000 -0.011639 0.987224 -0.158912 7.062600 0.046743 0.159286 0.986125 -0.984700 0.000000 0.000000 0.000000 1.000000
0.998826 -0.014704 -0.046153 0.009000 0.007129 0.987061 -0.160189 7.062600 0.047911 0.159672 0.986007 -0.984700 0.000000 0.000000 0.000000 1.000000
0.998241 -0.032736 -0.049439 0.009000 0.024569 0.987200 -0.157586 7.062600 0.053965 0.156094 0.986267 -0.984700 0.000000 0.000000 0.000000 1.000000
0.997099 -0.057916 -0.049399 0.009000 0.050026 0.987688 -0.148223 7.062600 0.057375 0.145321 0.987720 -0.984700 0.000000 0.000000 0.000000 1.000000
0.995679 -0.085116 -0.037120 0.009000 0.079701 0.988474 -0.128712 7.062600 0.047648 0.125197 0.990987 -0.984700 0.000000 0.000000 0.000000 1.000000
0.996081 -0.086886 -0.016538 0.009000 0.084400 0.989662 -0.115959 7.062600 0.026443 0.114109 0.993116 -0.984700 0.000000 0.000000 0.000000 1.000000
0.998000 -0.063034 0.004752 0.009000 0.063138 0.990361 -0.123285 7.062600 0.003065 0.123338 0.992360 -0.984700 0.000000 0.000000 0.000000 1.000000
0.999139 -0.034028 0.023724 0.009000 0.037105 0.988826 -0.144385 7.062600 -0.018545 0.145141 0.989237 -0.984700 0.000000 0.000000 0.000000 1.000000
0.998888 -0.022991 0.041160 0.009000 0.029346 0.986493 -0.161150 7.062600 -0.036899 0.162179 0.986071 -0.984700 0.000000 0.000000 0.000000 1.000000
0.997908 -0.034868 0.054445 0.009000 0.043363 0.985573 -0.163602 7.062600 -0.047955 0.165621 0.985023 -0.984700 0.000000 0.000000 0.000000 1.000000
0.996504 -0.054182 0.063590 0.009000 0.063529 0.985772 -0.155617 7.062600 -0.054253 0.159113 0.985769 -0.984700 0.000000 0.000000 0.000000 1.000000
0.995684 -0.059983 0.070817 0.009000 0.069851 0.986771 -0.146298 7.062600 -0.061105 0.150613 0.986702 -0.984700 0.000000 0.000000 0.000000 1.000000
0.997131 -0.029308 0.069795 0.009000 0.038969 0.989193 -0.141349 7.062600 -0.064898 0.143663 0.987496 -0.984700 0.000000 0.000000 0.000000 1.000000
0.997926 0.009038 0.063733 0.009000 -0.000354 0.990849 -0.134975 7.062600 -0.064370 0.134672 0.988797 -0.984700 0.000000 0.000000 0.000000 1.000000
0.997445 0.032546 0.063588 0.009000 -0.024999 0.992927 -0.116067 7.062600 -0.066916 0.114181 0.991204 -0.984700 0.000000 0.000000 0.000000 1.000000
0.996755 0.055985 0.057831 0.009000 -0.051137 0.995308 -0.082146 7.062600 -0.062159 0.078922 0.994941 -0.984700 0.000000 0.000000 0.000000 1.000000
0.994788 0.084701 0.056771 0.009000 -0.081571 0.995129 -0.055361 7.062600 -0.061183 0.050441 0.996851 -0.984700 0.000000 0.000000 0.000000 1.000000
0.991326 0.117380 0.059107 0.009000 -0.115151 0.992550 -0.039816 7.062600 -0.063340 0.032664 0.997457 -0.984700 0.000000 0.000000 0.000000 1.000000
0.987331 0.146579 0.060764 0.009000 -0.145147 0.989032 -0.027359 7.062600 -0.064108 0.018193 0.997777 -0.984700 0.000000 0.000000 0.000000 1.000000
0.984649 0.166266 0.053131 0.009000 -0.165754 0.986069 -0.013938 7.062600 -0.054708 0.004917 0.998490 -0.984700 0.000000 0.000000 0.000000 1.000000
0.982584 0.183666 0.028205 0.009000 -0.183436 0.982975 -0.010560 7.062600 -0.029664 0.005202 0.999546 -0.984700 0.000000 0.000000 0.000000 1.000000
0.979801 0.199825 -0.007793 0.009000 -0.199876 0.977325 -0.069892 7.062600 -0.006350 0.070038 0.997524 -0.984700 0.000000 0.000000 0.000000 1.000000
0.976791 0.210691 -0.038588 0.009000 -0.214030 0.967150 -0.137155 7.062600 0.008423 0.142231 0.989798 -0.984700 0.000000 0.000000 0.000000 1.000000
0.975292 0.212980 -0.058693 0.009000 -0.220534 0.954299 -0.201687 7.062600 0.013055 0.209647 0.977690 -0.984700 0.000000 0.000000 0.000000 1.000000
0.981614 0.187557 -0.035456 0.009000 -0.190299 0.947128 -0.258332 7.062600 -0.014870 0.260329 0.965405 -0.984700 0.000000 0.000000 0.000000 1.000000
0.988494 0.150641 0.013675 0.009000 -0.140113 0.945959 -0.292454 7.062600 -0.056992 0.287173 0.956182 -0.984700 0.000000 0.000000 0.000000 1.000000
0.990788 0.127250 0.046325 0.009000 -0.107349 0.946559 -0.304142 7.062600 -0.082552 0.296367 0.951500 -0.984700 0.000000 0.000000 0.000000 1.000000
0.991454 0.117572 0.056523 0.009000 -0.095243 0.948462 -0.302240 7.062600 -0.089145 0.294274 0.951555 -0.984700 0.000000 0.000000 0.000000 1.000000
0.992541 0.105259 0.061510 0.009000 -0.083320 0.953986 -0.288042 7.062600 -0.088998 0.280768 0.955640 -0.984700 0.000000 0.000000 0.000000 1.000000
0.993839 0.088021 0.067352 0.009000 -0.067458 0.962559 -0.262544 7.062600 -0.087940 0.256383 0.962566 -0.984700 0.000000 0.000000 0.000000 1.000000
0.994737 0.071627 0.073266 0.009000 -0.053299 0.972428 -0.227032 7.062600 -0.087507 0.221932 0.971128 -0.984700 0.000000 0.000000 0.000000 1.000000
0.995144 0.057367 0.079980 0.009000 -0.041856 0.982102 -0.183639 7.062600 -0.089084 0.179400 0.979735 -0.984700 0.000000 0.000000 0.000000 1.000000
0.995360 0.038931 0.087993 0.009000 -0.026927 0.990655 -0.133705 7.062600 -0.092376 0.130715 0.987107 -0.984700 0.000000 0.000000 0.000000 1.000000
0.994524 0.027719 0.100762 0.009000 -0.019770 0.996674 -0.079057 7.062600 -0.102618 0.076632 0.991765 -0.984700 0.000000 0.000000 0.000000 1.000000
0.992538 0.033599 0.117215 0.009000 -0.030694 0.999177 -0.026500 7.062600 -0.118009 0.022705 0.992753 -0.984700 0.000000 0.000000 0.000000 1.000000
0.988629 0.051223 0.141381 0.009000 -0.053948 0.998423 0.015504 7.062600 -0.140364 -0.022955 0.989834 -0.984700 0.000000 0.000000 0.000000 1.000000
0.982747 0.073909 0.169543 0.009000 -0.078300 0.996742 0.019355 7.062600 -0.167560 -0.032296 0.985333 -0.984700 0.000000 0.000000 0.000000 1.000000
0.974897 0.095374 0.201197 0.009000 -0.100588 0.994802 0.015831 7.062600 -0.198641 -0.035671 0.979423 -0.984700 0.000000 0.000000 0.000000 1.000000
0.964428 0.103665 0.243169 0.009000 -0.106546 0.994307 -0.001312 7.062600 -0.241921 -0.024643 0.969983 -0.984700 0.000000 0.000000 0.000000 1.000000
0.952373 0.097255 0.289009 0.009000 -0.095037 0.995237 -0.021732 7.062600 -0.289746 -0.006769 0.957080 -0.984700 0.000000 0.000000 0.000000 1.000000
0.948242 0.104399 0.299896 0.009000 -0.100276 0.994532 -0.029151 7.062600 -0.301300 -0.002430 0.953526 -0.984700 0.000000 0.000000 0.000000 1.000000
0.954084 0.106048 0.280138 0.009000 -0.103140 0.994349 -0.025145 7.062600 -0.281222 -0.004903 0.959630 -0.984700 0.000000 0.000000 0.000000 1.000000
0.963871 0.105292 0.244675 0.009000 -0.104961 0.994372 -0.014430 7.062600 -0.244817 -0.011773 0.969498 -0.984700 0.000000 0.000000 0.000000 1.000000
0.973134 0.103069 0.205879 0.009000 -0.105019 0.994469 -0.001465 7.062600 -0.204892 -0.020196 0.978576 -0.984700 0.000000 0.000000 0.000000 1.000000
0.979096 0.102534 0.175663 0.009000 -0.105726 0.994356 0.008885 7.062600 -0.173760 -0.027272 0.984410 -0.984700 0.000000 0.000000 0.000000 1.000000</float_array><technique_common><accessor source="#Spine-Matrix-animation-output-transform-array" count="64" stride="16"><param type="float4x4"/></accessor></technique_common></source><source id="Spine-Interpolations"><Name_array id="Spine-Interpolations-array" count="64">
 LINEAR LINEAR LINEAR LINEAR LINEAR LINEAR LINEAR LINEAR LINEAR LINEAR LINEAR
LINEAR LINEAR LINEAR LINEAR LINEAR LINEAR LINEAR LINEAR LINEAR LINEAR LINEAR LINEAR
LINEAR LINEAR LINEAR LINEAR LINEAR LINEAR LINEAR LINEAR LINEAR LINEAR LINEAR LINEAR
LINEAR LINEAR LINEAR LINEAR LINEAR LINEAR LINEAR LINEAR LINEAR LINEAR LINEAR LINEAR
LINEAR LINEAR LINEAR LINEAR LINEAR LINEAR LINEAR LINEAR LINEAR LINEAR LINEAR LINEAR
LINEAR LINEAR LINEAR LINEAR LINEAR</Name_array><technique_common><accessor source="#Spine-Interpolations-array" count="64"><param type="name"/></accessor></technique_common></source><sampler id="Spine-Matrix-animation-transform"><input semantic="INPUT" source="#Spine-Matrix-animation-input"/><input semantic="OUTPUT" source="#Spine-Matrix-animation-output-transform"/><input semantic="INTERPOLATION" source="#Spine-Interpolations"/></sampler><channel source="#Spine-Matrix-animation-transform" target="Spine/matrix"/></animation>
    <animation id="Spine1-anim" name="Spine1"><source id="Spine1-Matrix-animation-input"><float_array id="Spine1-Matrix-animation-input-array" count="64">

0.000000 0.033333 0.066667 0.100000 0.133333 0.166667 0.200000 0.233333 0.266667 0.300000 0.333333 0.366667 0.400000 0.433333 0.466667 0.500000
0.533333 0.566667 0.600000 0.633333 0.666667 0.700000 0.733333 0.766667 0.800000 0.833333 0.866667 0.900000 0.933333 0.966667 1.000000 1.033333
1.066667 1.100000 1.133333 1.166667 1.200000 1.233333 1.266667 1.300000 1.333333 1.366667 1.400000 1.433333 1.466667 1.500000 1.533333 1.566667
1.600000 1.633333 1.666667 1.700000 1.733333 1.766667 1.800000 1.833333 1.866667 1.900000 1.933333 1.966667 2.000000 2.033333 2.066667 2.100000</float_array><technique_common><accessor source="#Spine1-Matrix-animation-input-array" count="64"><param name="TIME" type="float"/></accessor></technique_common></source><source id="Spine1-Matrix-animation-output-transform"><float_array id="Spine1-Matrix-animation-output-transform-array" count="1024">

0.998600 0.033868 0.040638 0.012400 -0.027915 0.989892 -0.139048 8.239700 -0.044936 0.137719 0.989452 -1.148800 0.000000 0.000000 0.000000 1.000000
0.993532 0.055549 0.099042 0.012400 -0.043139 0.991430 -0.123311 8.239700 -0.105043 0.118240 0.987413 -1.148800 0.000000 0.000000 0.000000 1.000000
0.985569 0.079780 0.149293 0.012400 -0.065157 0.992811 -0.100408 8.239700 -0.156231 0.089232 0.983682 -1.148800 0.000000 0.000000 0.000000 1.000000
0.978778 0.097252 0.180375 0.012400 -0.083883 0.993232 -0.080338 8.239700 -0.186968 0.063503 0.980311 -1.148800 0.000000 0.000000 0.000000 1.000000
0.974896 0.105102 0.196296 0.012400 -0.093117 0.993237 -0.069345 8.239700 -0.202257 0.049326 0.978090 -1.148800 0.000000 0.000000 0.000000 1.000000
0.971705 0.111361 0.208297 0.012400 -0.099993 0.992904 -0.064369 8.239700 -0.213987 0.041719 0.975945 -1.148800 0.000000 0.000000 0.000000 1.000000
0.969500 0.127256 0.209464 0.012400 -0.116713 0.991229 -0.061997 8.239700 -0.215516 0.035659 0.975849 -1.148800 0.000000 0.000000 0.000000 1.000000
0.973546 0.149300 0.172967 0.012400 -0.139271 0.987861 -0.068804 8.239700 -0.181140 0.042895 0.982521 -1.148800 0.000000 0.000000 0.000000 1.000000
0.984960 0.143040 0.096915 0.012400 -0.136674 0.988179 -0.069446 8.239700 -0.105703 0.055156 0.992867 -1.148800 0.000000 0.000000 0.000000 1.000000
0.992460 0.122561 0.001346 0.012400 -0.122171 0.990067 -0.069588 8.239700 -0.009861 0.068899 0.997575 -1.148800 0.000000 0.000000 0.000000 1.000000
0.990904 0.099968 -0.090091 0.012400 -0.106193 0.992075 -0.067163 8.239700 0.082663 0.076119 0.993666 -1.148800 0.000000 0.000000 0.000000 1.000000
0.985165 0.087061 -0.147884 0.012400 -0.095583 0.994087 -0.051519 8.239700 0.142524 0.064889 0.987662 -1.148800 0.000000 0.000000 0.000000 1.000000
0.979790 0.090373 -0.178449 0.012400 -0.098983 0.994288 -0.039932 8.239700 0.173821 0.056788 0.983138 -1.148800 0.000000 0.000000 0.000000 1.000000
0.973693 0.097964 -0.205730 0.012400 -0.111762 0.992126 -0.056526 8.239700 0.198573 0.078032 0.976975 -1.148800 0.000000 0.000000 0.000000 1.000000
0.972861 0.102658 -0.207370 0.012400 -0.121612 0.989284 -0.080792 8.239700 0.196854 0.103818 0.974921 -1.148800 0.000000 0.000000 0.000000 1.000000
0.975144 0.105592 -0.194793 0.012400 -0.127294 0.986559 -0.102455 8.239700 0.181356 0.124704 0.975479 -1.148800 0.000000 0.000000 0.000000 1.000000
0.978524 0.109998 -0.174329 0.012400 -0.130203 0.985475 -0.109027 8.239700 0.159804 0.129383 0.978633 -1.148800 0.000000 0.000000 0.000000 1.000000
0.982403 0.112731 -0.148916 0.012400 -0.129489 0.985673 -0.108078 8.239700 0.134599 0.125460 0.982926 -1.148800 0.000000 0.000000 0.000000 1.000000
0.985811 0.104910 -0.131040 0.012400 -0.119972 0.986338 -0.112890 8.239700 0.117406 0.127009 0.984929 -1.148800 0.000000 0.000000 0.000000 1.000000
0.988311 0.090514 -0.122675 0.012400 -0.106102 0.986193 -0.127142 8.239700 0.109473 0.138672 0.984269 -1.148800 0.000000 0.000000 0.000000 1.000000
0.990604 0.069743 -0.117643 0.012400 -0.086418 0.985915 -0.143190 8.239700 0.105999 0.152012 0.982678 -1.148800 0.000000 0.000000 0.000000 1.000000
0.993188 0.039277 -0.109701 0.012400 -0.055808 0.986812 -0.151945 8.239700 0.102286 0.157032 0.982282 -1.148800 0.000000 0.000000 0.000000 1.000000
0.995860 -0.009977 -0.090356 0.012400 -0.002641 0.990365 -0.138460 8.239700 0.090867 0.138125 0.986238 -1.148800 0.000000 0.000000 0.000000 1.000000
0.996972 -0.053395 -0.056533 0.012400 0.048229 0.994853 -0.089111 8.239700 0.061000 0.086115 0.994416 -1.148800 0.000000 0.000000 0.000000 1.000000
0.999209 -0.035572 -0.017764 0.012400 0.034861 0.998637 -0.038848 8.239700 0.019121 0.038198 0.999087 -1.148800 0.000000 0.000000 0.000000 1.000000
0.999519 0.024635 0.018849 0.012400 -0.023992 0.999148 -0.033583 8.239700 -0.019661 0.033115 0.999258 -1.148800 0.000000 0.000000 0.000000 1.000000
0.996105 0.075933 0.044823 0.012400 -0.072249 0.994272 -0.078756 8.239700 -0.050547 0.075211 0.995886 -1.148800 0.000000 0.000000 0.000000 1.000000
0.994329 0.087393 0.060593 0.012400 -0.078973 0.988410 -0.129648 8.239700 -0.071221 0.124127 0.989707 -1.148800 0.000000 0.000000 0.000000 1.000000
0.995175 0.065743 0.072826 0.012400 -0.054408 0.987494 -0.147969 8.239700 -0.081643 0.143292 0.986307 -1.148800 0.000000 0.000000 0.000000 1.000000
0.995956 0.038139 0.081351 0.012400 -0.026630 0.990056 -0.138133 8.239700 -0.085810 0.135408 0.987067 -1.148800 0.000000 0.000000 0.000000 1.000000
0.996525 0.026315 0.079029 0.012400 -0.016542 0.992410 -0.121859 8.239700 -0.081636 0.120128 0.989396 -1.148800 0.000000 0.000000 0.000000 1.000000
0.997501 0.030738 0.063620 0.012400 -0.023884 0.994099 -0.105813 8.239700 -0.066498 0.104029 0.992349 -1.148800 0.000000 0.000000 0.000000 1.000000
0.998274 0.038992 0.043911 0.012400 -0.034947 0.995383 -0.089398 8.239700 -0.047194 0.087710 0.995027 -1.148800 0.000000 0.000000 0.000000 1.000000
0.998332 0.048004 0.032063 0.012400 -0.045301 0.995741 -0.080303 8.239700 -0.035781 0.078717 0.996255 -1.148800 0.000000 0.000000 0.000000 1.000000
0.996983 0.070243 0.033033 0.012400 -0.067095 0.993833 -0.088289 8.239700 -0.039031 0.085807 0.995547 -1.148800 0.000000 0.000000 0.000000 1.000000
0.992637 0.114338 0.039982 0.012400 -0.109833 0.988813 -0.100929 8.239700 -0.051075 0.095794 0.994090 -1.148800 0.000000 0.000000 0.000000 1.000000
0.984705 0.167796 0.046916 0.012400 -0.161926 0.980756 -0.109073 8.239700 -0.064315 0.099808 0.992926 -1.148800 0.000000 0.000000 0.000000 1.000000
0.975583 0.213559 0.051284 0.012400 -0.207346 0.972554 -0.105574 8.239700 -0.072422 0.092362 0.993088 -1.148800 0.000000 0.000000 0.000000 1.000000
0.971798 0.230761 0.048558 0.012400 -0.227034 0.971230 -0.071895 8.239700 -0.063752 0.058843 0.996229 -1.148800 0.000000 0.000000 0.000000 1.000000
0.970931 0.236600 0.036231 0.012400 -0.234719 0.970799 -0.049554 8.239700 -0.046897 0.039610 0.998114 -1.148800 0.000000 0.000000 0.000000 1.000000
0.965760 0.259433 0.001347 0.012400 -0.257842 0.960386 -0.105713 8.239700 -0.028719 0.101746 0.994396 -1.148800 0.000000 0.000000 0.000000 1.000000
0.958314 0.282903 -0.040002 0.012400 -0.285452 0.941965 -0.176691 8.239700 -0.012306 0.180744 0.983453 -1.148800 0.000000 0.000000 0.000000 1.000000
0.956617 0.282690 -0.070496 0.012400 -0.291318 0.924651 -0.245265 8.239700 -0.004149 0.255162 0.966889 -1.148800 0.000000 0.000000 0.000000 1.000000
0.972130 0.227836 -0.055262 0.012400 -0.233694 0.922894 -0.306028 8.239700 -0.018723 0.310413 0.950417 -1.148800 0.000000 0.000000 0.000000 1.000000
0.986516 0.163654 -0.001872 0.012400 -0.154512 0.927514 -0.340359 8.239700 -0.053965 0.336059 0.940294 -1.148800 0.000000 0.000000 0.000000 1.000000
0.988823 0.144423 0.037035 0.012400 -0.121879 0.926061 -0.357150 8.239700 -0.085877 0.348645 0.933312 -1.148800 0.000000 0.000000 0.000000 1.000000
0.987705 0.149803 0.044709 0.012400 -0.122338 0.918697 -0.375537 8.239700 -0.097331 0.365450 0.925728 -1.148800 0.000000 0.000000 0.000000 1.000000
0.988607 0.144377 0.042558 0.012400 -0.116919 0.914657 -0.386953 8.239700 -0.094793 0.377569 0.921117 -1.148800 0.000000 0.000000 0.000000 1.000000
0.989869 0.132329 0.051471 0.012400 -0.103853 0.921971 -0.373073 8.239700 -0.096823 0.363948 0.926373 -1.148800 0.000000 0.000000 0.000000 1.000000
0.988341 0.132993 0.074129 0.012400 -0.101509 0.938432 -0.330215 8.239700 -0.113481 0.318840 0.940990 -1.148800 0.000000 0.000000 0.000000 1.000000
0.984196 0.146538 0.099418 0.012400 -0.114348 0.954605 -0.275051 8.239700 -0.135211 0.259336 0.956276 -1.148800 0.000000 0.000000 0.000000 1.000000
0.980749 0.159366 0.112846 0.012400 -0.131927 0.966811 -0.218796 8.239700 -0.143969 0.199696 0.969224 -1.148800 0.000000 0.000000 0.000000 1.000000
0.979328 0.165398 0.116449 0.012400 -0.145537 0.975959 -0.162243 8.239700 -0.140485 0.141941 0.979856 -1.148800 0.000000 0.000000 0.000000 1.000000
0.978089 0.169536 0.120829 0.012400 -0.156605 0.981567 -0.109552 8.239700 -0.137175 0.088229 0.986610 -1.148800 0.000000 0.000000 0.000000 1.000000
0.976709 0.174120 0.125383 0.012400 -0.166618 0.983667 -0.068100 8.239700 -0.135193 0.045623 0.989768 -1.148800 0.000000 0.000000 0.000000 1.000000
0.974586 0.184020 0.127743 0.012400 -0.176369 0.981909 -0.068916 8.239700 -0.138114 0.044635 0.989410 -1.148800 0.000000 0.000000 0.000000 1.000000
0.971000 0.196523 0.136154 0.012400 -0.186425 0.978919 -0.083444 8.239700 -0.149682 0.055641 0.987167 -1.148800 0.000000 0.000000 0.000000 1.000000
0.963515 0.215432 0.158834 0.012400 -0.195739 0.971891 -0.130823 8.239700 -0.182553 0.094960 0.978600 -1.148800 0.000000 0.000000 0.000000 1.000000
0.953690 0.235797 0.186750 0.012400 -0.199747 0.960670 -0.192911 8.239700 -0.224893 0.146675 0.963281 -1.148800 0.000000 0.000000 0.000000 1.000000
0.956914 0.229143 0.178351 0.012400 -0.187634 0.956717 -0.222455 8.239700 -0.221606 0.179406 0.958491 -1.148800 0.000000 0.000000 0.000000 1.000000
0.968050 0.203571 0.146414 0.012400 -0.165580 0.957437 -0.236428 8.239700 -0.188312 0.204631 0.960554 -1.148800 0.000000 0.000000 0.000000 1.000000
0.980845 0.166944 0.100368 0.012400 -0.138511 0.960027 -0.243233 8.239700 -0.136962 0.224672 0.964761 -1.148800 0.000000 0.000000 0.000000 1.000000
0.990582 0.127364 0.050249 0.012400 -0.110976 0.961822 -0.250167 8.239700 -0.080192 0.242235 0.966898 -1.148800 0.000000 0.000000 0.000000 1.000000
0.995625 0.093194 0.006764 0.012400 -0.088147 0.960792 -0.262884 8.239700 -0.030998 0.261138 0.964804 -1.148800 0.000000 0.000000 0.000000 1.000000</float_array><technique_common><accessor source="#Spine1-Matrix-animation-output-transform-array" count="64" stride="16"><param type="float4x4"/></accessor></technique_common></source><source id="Spine1-Interpolations"><Name_array id="Spine1-Interpolations-array" count="64">
 LINEAR LINEAR LINEAR LINEAR LINEAR LINEAR LINEAR LINEAR LINEAR LINEAR LINEAR
LINEAR LINEAR LINEAR LINEAR LINEAR LINEAR LINEAR LINEAR LINEAR LINEAR LINEAR LINEAR
LINEAR LINEAR LINEAR LINEAR LINEAR LINEAR LINEAR LINEAR LINEAR LINEAR LINEAR LINEAR
LINEAR LINEAR LINEAR LINEAR LINEAR LINEAR LINEAR LINEAR LINEAR LINEAR LINEAR LINEAR
LINEAR LINEAR LINEAR LINEAR LINEAR LINEAR LINEAR LINEAR LINEAR LINEAR LINEAR LINEAR
LINEAR LINEAR LINEAR LINEAR LINEAR</Name_array><technique_common><accessor source="#Spine1-Interpolations-array" count="64"><param type="name"/></accessor></technique_common></source><sampler id="Spine1-Matrix-animation-transform"><input semantic="INPUT" source="#Spine1-Matrix-animation-input"/><input semantic="OUTPUT" source="#Spine1-Matrix-animation-output-transform"/><input semantic="INTERPOLATION" source="#Spine1-Interpolations"/></sampler><channel source="#Spine1-Matrix-animation-transform" target="Spine1/matrix"/></animation>
    <animation id="Spine2-anim" name="Spine2"><source id="Spine2-Matrix-animation-input"><float_array id="Spine2-Matrix-animation-input-array" count="64">

0.000000 0.033333 0.066667 0.100000 0.133333 0.166667 0.200000 0.233333 0.266667 0.300000 0.333333 0.366667 0.400000 0.433333 0.466667 0.500000
0.533333 0.566667 0.600000 0.633333 0.666667 0.700000 0.733333 0.766667 0.800000 0.833333 0.866667 0.900000 0.933333 0.966667 1.000000 1.033333
1.066667 1.100000 1.133333 1.166667 1.200000 1.233333 1.266667 1.300000 1.333333 1.366667 1.400000 1.433333 1.466667 1.500000 1.533333 1.566667
1.600000 1.633333 1.666667 1.700000 1.733333 1.766667 1.800000 1.833333 1.866667 1.900000 1.933333 1.966667 2.000000 2.033333 2.066667 2.100000</float_array><technique_common><accessor source="#Spine2-Matrix-animation-input-array" count="64"><param name="TIME" type="float"/></accessor></technique_common></source><source id="Spine2-Matrix-animation-output-transform"><float_array id="Spine2-Matrix-animation-output-transform-array" count="1024">

0.994555 -0.078882 0.068100 0.014200 0.085440 0.991366 -0.099463 9.416800 -0.059666 0.104740 0.992708 -1.313000 0.000000 0.000000 0.000000 1.000000
0.989872 -0.060295 0.128525 0.014200 0.071399 0.993937 -0.083612 9.416800 -0.122704 0.091942 0.988175 -1.313000 0.000000 0.000000 0.000000 1.000000
0.982791 -0.037660 0.180841 0.014200 0.049480 0.996892 -0.061300 9.416800 -0.177970 0.069193 0.981600 -1.313000 0.000000 0.000000 0.000000 1.000000
0.976589 -0.021130 0.214072 0.014200 0.030792 0.998647 -0.041900 9.416800 -0.212897 0.047511 0.975919 -1.313000 0.000000 0.000000 0.000000 1.000000
0.972604 -0.015063 0.231979 0.014200 0.022774 0.999272 -0.030596 9.416800 -0.231350 0.035040 0.972239 -1.313000 0.000000 0.000000 0.000000 1.000000
0.969351 -0.011237 0.245421 0.014200 0.017861 0.999533 -0.024781 9.416800 -0.245028 0.028405 0.969100 -1.313000 0.000000 0.000000 0.000000 1.000000
0.968747 0.003297 0.248028 0.014200 0.002452 0.999736 -0.022866 9.416800 -0.248038 0.022760 0.968483 -1.313000 0.000000 0.000000 0.000000 1.000000
0.976604 0.026055 0.213461 0.014200 -0.019682 0.999296 -0.031931 9.416800 -0.214143 0.026982 0.976430 -1.313000 0.000000 0.000000 0.000000 1.000000
0.990192 0.022201 0.137936 0.014200 -0.017550 0.999239 -0.034842 9.416800 -0.138604 0.032080 0.989828 -1.313000 0.000000 0.000000 0.000000 1.000000
0.999092 0.004727 0.042337 0.014200 -0.003237 0.999375 -0.035206 9.416800 -0.042477 0.035037 0.998483 -1.313000 0.000000 0.000000 0.000000 1.000000
0.998677 -0.015161 -0.049142 0.014200 0.013641 0.999423 -0.031120 9.416800 0.049586 0.030408 0.998307 -1.313000 0.000000 0.000000 0.000000 1.000000
0.993922 -0.026866 -0.106754 0.014200 0.025439 0.999568 -0.014708 9.416800 0.107103 0.011902 0.994177 -1.313000 0.000000 0.000000 0.000000 1.000000
0.990542 -0.023846 -0.135119 0.014200 0.023428 0.999715 -0.004682 9.416800 0.135192 0.001472 0.990818 -1.313000 0.000000 0.000000 0.000000 1.000000
0.986856 -0.015415 -0.160864 0.014200 0.011927 0.999673 -0.022630 9.416800 0.161161 0.020414 0.986717 -1.313000 0.000000 0.000000 0.000000 1.000000
0.984423 -0.010185 -0.175523 0.014200 0.002218 0.998961 -0.045528 9.416800 0.175805 0.044430 0.983422 -1.313000 0.000000 0.000000 0.000000 1.000000
0.983388 -0.009970 -0.181243 0.014200 -0.001810 0.997902 -0.064713 9.416800 0.181508 0.063966 0.981307 -1.313000 0.000000 0.000000 0.000000 1.000000
0.983914 -0.018084 -0.177727 0.014200 0.005985 0.997642 -0.068378 9.416800 0.178545 0.066215 0.981701 -1.313000 0.000000 0.000000 0.000000 1.000000
0.985451 -0.032360 -0.166854 0.014200 0.021717 0.997634 -0.065224 9.416800 0.168570 0.060651 0.983822 -1.313000 0.000000 0.000000 0.000000 1.000000
0.987228 -0.050846 -0.150983 0.014200 0.039958 0.996436 -0.074294 9.416800 0.154223 0.067312 0.985741 -1.313000 0.000000 0.000000 0.000000 1.000000
0.988686 -0.070957 -0.132159 0.014200 0.057819 0.993233 -0.100723 9.416800 0.138412 0.091942 0.986098 -1.313000 0.000000 0.000000 0.000000 1.000000
