<?xml version="1.0" encoding="utf-8"?>
<COLLADA xmlns="http://www.collada.org/2005/11/COLLADASchema" version="1.4.1">
  <asset><contributor><author>Mixamo</author><authoring_tool>COLLADA Mixamo exporter</authoring_tool><comments></comments></contributor><created>2018-10-29T22:58:42Z</created><modified>2018-10-29T22:58:42Z</modified><revision></revision><title></title><unit meter="0.010000"/><up_axis>Y_UP</up_axis></asset>
  <library_animations>
    <animation id="Hips-anim" name="Hips"><source id="Hips-Matrix-animation-input"><float_array id="Hips-Matrix-animation-input-array" count="29">

0.000000 0.033333 0.066667 0.100000 0.133333 0.166667 0.200000 0.233333 0.266667 0.300000 0.333333 0.366667 0.400000 0.433333 0.466667 0.500000
0.533333 0.566667 0.600000 0.633333 0.666667 0.700000 0.733333 0.766667 0.800000 0.833333 0.866667 0.900000 0.933333</float_array><technique_common><accessor source="#Hips-Matrix-animation-input-array" count="29"><param name="TIME" type="float"/></accessor></technique_common></source><source id="Hips-Matrix-animation-output-transform"><float_array id="Hips-Matrix-animation-output-transform-array" count="464">

0.992086 0.066952 -0.106220 -0.098008 -0.060241 0.996053 0.065183 80.181442 0.110165 -0.058268 0.992204 0.905050 0.000000 0.000000 0.000000 1.000000
0.997625 0.056627 -0.039201 -0.188589 -0.054573 0.997175 0.051615 80.025719 0.042013 -0.049353 0.997897 0.310214 0.000000 0.000000 0.000000 1.000000
0.998128 0.050576 0.034382 -0.396265 -0.052000 0.997769 0.041877 79.812149 -0.032187 -0.043587 0.998531 -0.313139 0.000000 0.000000 0.000000 1.000000
0.993281 0.043741 0.107146 -0.750646 -0.047860 0.998198 0.036184 79.782967 -0.105371 -0.041069 0.993585 -1.041632 0.000000 0.000000 0.000000 1.000000
0.984248 0.036713 0.172942 -1.229961 -0.043227 0.998485 0.034051 79.903618 -0.171430 -0.040990 0.984343 -1.819248 0.000000 0.000000 0.000000 1.000000
0.972650 0.032003 0.230060 -1.761915 -0.041058 0.998555 0.034680 79.964554 -0.228618 -0.043177 0.972558 -2.587752 0.000000 0.000000 0.000000 1.000000
0.959861 0.031527 0.278698 -2.275980 -0.043515 0.998370 0.036932 79.873589 -0.277080 -0.047577 0.959668 -3.321951 0.000000 0.000000 0.000000 1.000000
0.946129 0.034169 0.321982 -2.740918 -0.049370 0.998012 0.039163 79.692108 -0.320004 -0.052950 0.945935 -4.034916 0.000000 0.000000 0.000000 1.000000
0.930008 0.036823 0.365691 -3.142729 -0.055767 0.997586 0.041373 79.487778 -0.363285 -0.058871 0.929816 -4.741918 0.000000 0.000000 0.000000 1.000000
0.911293 0.036922 0.410100 -3.451640 -0.060997 0.997088 0.045772 79.344696 -0.407216 -0.066726 0.910891 -5.411153 0.000000 0.000000 0.000000 1.000000
0.892572 0.033314 0.449672 -3.611005 -0.063800 0.996565 0.052807 79.333733 -0.446368 -0.075823 0.891631 -6.020010 0.000000 0.000000 0.000000 1.000000
0.875917 0.027394 0.481683 -3.550261 -0.064403 0.996090 0.060466 79.398293 -0.478144 -0.083985 0.874257 -6.608994 0.000000 0.000000 0.000000 1.000000
0.859793 0.019613 0.510265 -3.337178 -0.062519 0.995788 0.067069 79.438889 -0.506800 -0.089567 0.857398 -7.218354 0.000000 0.000000 0.000000 1.000000
0.840149 0.004847 0.542334 -3.179672 -0.052353 0.996015 0.072201 79.266266 -0.539823 -0.089052 0.837055 -7.769960 0.000000 0.000000 0.000000 1.000000
0.813676 -0.009016 0.581249 -3.130592 -0.044972 0.995907 0.078402 78.969673 -0.579577 -0.089934 0.809940 -8.196586 0.000000 0.000000 0.000000 1.000000
0.778491 -0.017617 0.627408 -3.108134 -0.046831 0.995189 0.086052 78.786743 -0.625906 -0.096373 0.773921 -8.492816 0.000000 0.000000 0.000000 1.000000
0.731553 -0.021652 0.681441 -3.110190 -0.055325 0.994314 0.090987 78.844719 -0.679536 -0.104263 0.726195 -8.612271 0.000000 0.000000 0.000000 1.000000
0.674716 -0.026951 0.737585 -3.115551 -0.062248 0.993695 0.093252 79.027061 -0.735448 -0.108832 0.668784 -8.515194 0.000000 0.000000 0.000000 1.000000
0.612758 -0.034596 0.789513 -3.036329 -0.067340 0.993122 0.095782 79.260948 -0.787396 -0.111857 0.606214 -8.242562 0.000000 0.000000 0.000000 1.000000
0.543199 -0.040213 0.838640 -2.880987 -0.075656 0.992445 0.096591 79.537308 -0.836188 -0.115916 0.536053 -7.834086 0.000000 0.000000 0.000000 1.000000
0.460836 -0.046680 0.886257 -2.655543 -0.082060 0.992096 0.094925 79.739296 -0.883683 -0.116471 0.453363 -7.286003 0.000000 0.000000 0.000000 1.000000
0.366379 -0.057107 0.928712 -2.314385 -0.082050 0.992244 0.093383 79.812912 -0.926841 -0.110414 0.358852 -6.589701 0.000000 0.000000 0.000000 1.000000
0.264076 -0.070384 0.961930 -1.822075 -0.076035 0.992711 0.093509 79.697983 -0.961500 -0.097834 0.256799 -5.727406 0.000000 0.000000 0.000000 1.000000
0.153263 -0.082508 0.984735 -1.213305 -0.063979 0.993589 0.093207 79.405525 -0.986112 -0.077287 0.147002 -4.740290 0.000000 0.000000 0.000000 1.000000
0.030798 -0.088086 0.995637 -0.623170 -0.055914 0.994398 0.089706 79.260780 -0.997960 -0.058433 0.025700 -3.802981 0.000000 0.000000 0.000000 1.000000
-0.098186 -0.090806 0.991017 -0.119741 -0.052274 0.994924 0.085985 79.392380 -0.993794 -0.043362 -0.102434 -2.962266 0.000000 0.000000 0.000000 1.000000
-0.222676 -0.093073 0.970439 0.310233 -0.051526 0.995165 0.083621 79.700676 -0.973530 -0.031382 -0.226395 -2.124921 0.000000 0.000000 0.000000 1.000000
-0.336756 -0.091936 0.937093 0.640420 -0.055270 0.995436 0.077798 79.990341 -0.939969 -0.025595 -0.340300 -1.261811 0.000000 0.000000 0.000000 1.000000
-0.441075 -0.085143 0.893422 0.815547 -0.060241 0.996053 0.065183 80.181450 -0.895446 -0.025070 -0.444464 -0.404483 0.000000 0.000000 0.000000 1.000000</float_array><technique_common><accessor source="#Hips-Matrix-animation-output-transform-array" count="29" stride="16"><param type="float4x4"/></accessor></technique_common></source><source id="Hips-Interpolations"><Name_array id="Hips-Interpolations-array" count="29">
 LINEAR LINEAR LINEAR LINEAR LINEAR LINEAR LINEAR LINEAR LINEAR LINEAR LINEAR
LINEAR LINEAR LINEAR LINEAR LINEAR LINEAR LINEAR LINEAR LINEAR LINEAR LINEAR LINEAR
LINEAR LINEAR LINEAR LINEAR LINEAR LINEAR</Name_array><technique_common><accessor source="#Hips-Interpolations-array" count="29"><param type="name"/></accessor></technique_common></source><sampler id="Hips-Matrix-animation-transform"><input semantic="INPUT" source="#Hips-Matrix-animation-input"/><input semantic="OUTPUT" source="#Hips-Matrix-animation-output-transform"/><input semantic="INTERPOLATION" source="#Hips-Interpolations"/></sampler><channel source="#Hips-Matrix-animation-transform" target="Hips/matrix"/></animation>
    <animation id="Spine-anim" name="Spine"><source id="Spine-Matrix-animation-input"><float_array id="Spine-Matrix-animation-input-array" count="29">

0.000000 0.033333 0.066667 0.100000 0.133333 0.166667 0.200000 0.233333 0.266667 0.300000 0.333333 0.366667 0.400000 0.433333 0.466667 0.500000
0.533333 0.566667 0.600000 0.633333 0.666667 0.700000 0.733333 0.766667 0.800000 0.833333 0.866667 0.900000 0.933333</float_array><technique_common><accessor source="#Spine-Matrix-animation-input-array" count="29"><param name="TIME" type="float"/></accessor></technique_common></source><source id="Spine-Matrix-animation-output-transform"><float_array id="Spine-Matrix-animation-output-transform-array" count="464">

0.998465 -0.048405 0.026931 0.009000 0.049889 0.997100 -0.057469 7.062600 -0.024071 0.058724 0.997984 -0.984700 0.000000 0.000000 0.000000 1.000000
0.998283 -0.049653 0.031063 0.009000 0.051432 0.996910 -0.059366 7.062600 -0.028020 0.060862 0.997753 -0.984700 0.000000 0.000000 0.000000 1.000000
0.997983 -0.053371 0.034378 0.009000 0.055411 0.996574 -0.061398 7.062600 -0.030983 0.063179 0.997521 -0.984700 0.000000 0.000000 0.000000 1.000000
0.997917 -0.052596 0.037351 0.009000 0.054901 0.996463 -0.063622 7.062600 -0.033873 0.065540 0.997275 -0.984700 0.000000 0.000000 0.000000 1.000000
0.998070 -0.047098 0.040461 0.009000 0.049689 0.996606 -0.065626 7.062600 -0.037233 0.067510 0.997024 -0.984700 0.000000 0.000000 0.000000 1.000000
0.998208 -0.040556 0.044011 0.009000 0.043430 0.996844 -0.066452 7.062600 -0.041177 0.068244 0.996819 -0.984700 0.000000 0.000000 0.000000 1.000000
0.998129 -0.037421 0.048360 0.009000 0.040544 0.997041 -0.065311 7.062600 -0.045773 0.067149 0.996692 -0.984700 0.000000 0.000000 0.000000 1.000000
0.997930 -0.037684 0.052108 0.009000 0.040913 0.997215 -0.062359 7.062600 -0.049612 0.064362 0.996693 -0.984700 0.000000 0.000000 0.000000 1.000000
0.997835 -0.038617 0.053229 0.009000 0.041734 0.997399 -0.058764 7.062600 -0.050822 0.060858 0.996852 -0.984700 0.000000 0.000000 0.000000 1.000000
0.997800 -0.038753 0.053782 0.009000 0.041757 0.997562 -0.055911 7.062600 -0.051485 0.058034 0.996986 -0.984700 0.000000 0.000000 0.000000 1.000000
0.997718 -0.036734 0.056649 0.009000 0.039787 0.997763 -0.053731 7.062600 -0.054548 0.055862 0.996947 -0.984700 0.000000 0.000000 0.000000 1.000000
0.997484 -0.034808 0.061754 0.009000 0.037978 0.997981 -0.050912 7.062600 -0.059857 0.053130 0.996792 -0.984700 0.000000 0.000000 0.000000 1.000000
0.997225 -0.035530 0.065414 0.009000 0.038715 0.998093 -0.048082 7.062600 -0.063581 0.050481 0.996699 -0.984700 0.000000 0.000000 0.000000 1.000000
0.997488 -0.029558 0.064366 0.009000 0.032649 0.998336 -0.047522 7.062600 -0.062855 0.049504 0.996794 -0.984700 0.000000 0.000000 0.000000 1.000000
0.997944 -0.023386 0.059665 0.009000 0.026343 0.998438 -0.049267 7.062600 -0.058420 0.050737 0.997002 -0.984700 0.000000 0.000000 0.000000 1.000000
0.998269 -0.024254 0.053588 0.009000 0.027026 0.998301 -0.051613 7.062600 -0.052245 0.052972 0.997228 -0.984700 0.000000 0.000000 0.000000 1.000000
0.998436 -0.030404 0.046908 0.009000 0.032858 0.998081 -0.052476 7.062600 -0.045222 0.053935 0.997520 -0.984700 0.000000 0.000000 0.000000 1.000000
0.998587 -0.032697 0.041901 0.009000 0.034930 0.997945 -0.053718 7.062600 -0.040059 0.055105 0.997677 -0.984700 0.000000 0.000000 0.000000 1.000000
0.998712 -0.031393 0.039865 0.009000 0.033634 0.997816 -0.056851 7.062600 -0.037993 0.058119 0.997586 -0.984700 0.000000 0.000000 0.000000 1.000000
0.998782 -0.032270 0.037315 0.009000 0.034460 0.997626 -0.059621 7.062600 -0.035303 0.060835 0.997523 -0.984700 0.000000 0.000000 0.000000 1.000000
0.998981 -0.032512 0.031315 0.009000 0.034399 0.997500 -0.061725 7.062600 -0.029230 0.062739 0.997602 -0.984700 0.000000 0.000000 0.000000 1.000000
0.999316 -0.028645 0.023398 0.009000 0.030095 0.997487 -0.064148 7.062600 -0.021502 0.064808 0.997666 -0.984700 0.000000 0.000000 0.000000 1.000000
0.999682 -0.019477 0.016045 0.009000 0.020496 0.997607 -0.066039 7.062600 -0.014721 0.066346 0.997688 -0.984700 0.000000 0.000000 0.000000 1.000000
0.999949 -0.004969 0.008751 0.009000 0.005535 0.997808 -0.065951 7.062600 -0.008405 0.065996 0.997784 -0.984700 0.000000 0.000000 0.000000 1.000000
0.999999 0.000280 0.001248 0.009000 -0.000200 0.997940 -0.064153 7.062600 -0.001263 0.064153 0.997939 -0.984700 0.000000 0.000000 0.000000 1.000000
0.999975 -0.006568 -0.002686 0.009000 0.006386 0.997997 -0.062942 7.062600 0.003094 0.062923 0.998014 -0.984700 0.000000 0.000000 0.000000 1.000000
0.999812 -0.019293 0.001683 0.009000 0.019360 0.997854 -0.062544 7.062600 -0.000472 0.062565 0.998041 -0.984700 0.000000 0.000000 0.000000 1.000000
0.999333 -0.033845 0.013727 0.009000 0.034623 0.997535 -0.061037 7.062600 -0.011627 0.061472 0.998041 -0.984700 0.000000 0.000000 0.000000 1.000000
0.998465 -0.048406 0.026932 0.009000 0.049889 0.997100 -0.057469 7.062600 -0.024072 0.058724 0.997984 -0.984700 0.000000 0.000000 0.000000 1.000000</float_array><technique_common><accessor source="#Spine-Matrix-animation-output-transform-array" count="29" stride="16"><param type="float4x4"/></accessor></technique_common></source><source id="Spine-Interpolations"><Name_array id="Spine-Interpolations-array" count="29">
 LINEAR LINEAR LINEAR LINEAR LINEAR LINEAR LINEAR LINEAR LINEAR LINEAR LINEAR
LINEAR LINEAR LINEAR LINEAR LINEAR LINEAR LINEAR LINEAR LINEAR LINEAR LINEAR LINEAR
LINEAR LINEAR LINEAR LINEAR LINEAR LINEAR</Name_array><technique_common><accessor source="#Spine-Interpolations-array" count="29"><param type="name"/></accessor></technique_common></source><sampler id="Spine-Matrix-animation-transform"><input semantic="INPUT" source="#Spine-Matrix-animation-input"/><input semantic="OUTPUT" source="#Spine-Matrix-animation-output-transform"/><input semantic="INTERPOLATION" source="#Spine-Interpolations"/></sampler><channel source="#Spine-Matrix-animation-transform" target="Spine/matrix"/></animation>
    <animation id="Spine1-anim" name="Spine1"><source id="Spine1-Matrix-animation-input"><float_array id="Spine1-Matrix-animation-input-array" count="29">

0.000000 0.033333 0.066667 0.100000 0.133333 0.166667 0.200000 0.233333 0.266667 0.300000 0.333333 0.366667 0.400000 0.433333 0.466667 0.500000
0.533333 0.566667 0.600000 0.633333 0.666667 0.700000 0.733333 0.766667 0.800000 0.833333 0.866667 0.900000 0.933333</float_array><technique_common><accessor source="#Spine1-Matrix-animation-input-array" count="29"><param name="TIME" type="float"/></accessor></technique_common></source><source id="Spine1-Matrix-animation-output-transform"><float_array id="Spine1-Matrix-animation-output-transform-array" count="464">

0.999615 -0.027098 0.005925 0.012400 0.027212 0.999428 -0.020103 8.239700 -0.005376 0.020256 0.999780 -1.148800 0.000000 0.000000 0.000000 1.000000
0.999594 -0.027142 0.008620 0.012400 0.027324 0.999389 -0.021783 8.239700 -0.008023 0.022010 0.999726 -1.148800 0.000000 0.000000 0.000000 1.000000
0.999517 -0.029181 0.010651 0.012400 0.029425 0.999291 -0.023502 8.239700 -0.009957 0.023804 0.999667 -1.148800 0.000000 0.000000 0.000000 1.000000
0.999376 -0.032782 0.013116 0.012400 0.033107 0.999131 -0.025328 8.239700 -0.012274 0.025747 0.999593 -1.148800 0.000000 0.000000 0.000000 1.000000
0.999183 -0.036888 0.016536 0.012400 0.037326 0.998937 -0.027058 8.239700 -0.015520 0.027653 0.999497 -1.148800 0.000000 0.000000 0.000000 1.000000
0.998931 -0.041390 0.020564 0.012400 0.041953 0.998734 -0.027760 8.239700 -0.019389 0.028593 0.999403 -1.148800 0.000000 0.000000 0.000000 1.000000
0.998591 -0.046872 0.024899 0.012400 0.047534 0.998512 -0.026713 8.239700 -0.023610 0.027859 0.999333 -1.148800 0.000000 0.000000 0.000000 1.000000
0.998161 -0.053453 0.028607 0.012400 0.054148 0.998242 -0.024119 8.239700 -0.027268 0.025624 0.999300 -1.148800 0.000000 0.000000 0.000000 1.000000
0.997702 -0.060561 0.030385 0.012400 0.061211 0.997905 -0.020948 8.239700 -0.029053 0.022759 0.999319 -1.148800 0.000000 0.000000 0.000000 1.000000
0.997212 -0.067492 0.031825 0.012400 0.068095 0.997512 -0.018246 8.239700 -0.030514 0.020362 0.999327 -1.148800 0.000000 0.000000 0.000000 1.000000
0.996614 -0.074365 0.035081 0.012400 0.074958 0.997060 -0.015921 8.239700 -0.033793 0.018497 0.999258 -1.148800 0.000000 0.000000 0.000000 1.000000
0.995892 -0.081333 0.039798 0.012400 0.081909 0.996554 -0.013060 8.239700 -0.038598 0.016266 0.999122 -1.148800 0.000000 0.000000 0.000000 1.000000
0.995305 -0.086567 0.043298 0.012400 0.087091 0.996146 -0.010367 8.239700 -0.042234 0.014089 0.999008 -1.148800 0.000000 0.000000 0.000000 1.000000
0.995057 -0.089635 0.042754 0.012400 0.090113 0.995887 -0.009398 8.239700 -0.041736 0.013205 0.999041 -1.148800 0.000000 0.000000 0.000000 1.000000
0.994836 -0.093631 0.039165 0.012400 0.094108 0.995507 -0.010489 8.239700 -0.038007 0.014121 0.999178 -1.148800 0.000000 0.000000 0.000000 1.000000
0.994500 -0.098890 0.034511 0.012400 0.099374 0.994971 -0.012591 8.239700 -0.033092 0.015951 0.999325 -1.148800 0.000000 0.000000 0.000000 1.000000
0.994252 -0.102992 0.029243 0.012400 0.103428 0.994541 -0.013805 8.239700 -0.027662 0.016751 0.999477 -1.148800 0.000000 0.000000 0.000000 1.000000
0.994346 -0.103167 0.025133 0.012400 0.103565 0.994508 -0.015088 8.239700 -0.023439 0.017605 0.999570 -1.148800 0.000000 0.000000 0.000000 1.000000
0.994658 -0.100534 0.023402 0.012400 0.100956 0.994735 -0.017608 8.239700 -0.021509 0.019877 0.999571 -1.148800 0.000000 0.000000 0.000000 1.000000
0.995059 -0.097002 0.021183 0.012400 0.097425 0.995042 -0.019987 8.239700 -0.019139 0.021952 0.999576 -1.148800 0.000000 0.000000 0.000000 1.000000
0.995692 -0.091305 0.016134 0.012400 0.091648 0.995550 -0.021946 8.239700 -0.014059 0.023330 0.999629 -1.148800 0.000000 0.000000 0.000000 1.000000
0.996564 -0.082262 0.009685 0.012400 0.082474 0.996303 -0.024042 8.239700 -0.007671 0.024758 0.999664 -1.148800 0.000000 0.000000 0.000000 1.000000
0.997437 -0.071448 0.003938 0.012400 0.071525 0.997113 -0.025502 8.239700 -0.002105 0.025718 0.999667 -1.148800 0.000000 0.000000 0.000000 1.000000
0.998213 -0.059740 -0.001515 0.012400 0.059683 0.997896 -0.025314 8.239700 0.003024 0.025179 0.999678 -1.148800 0.000000 0.000000 0.000000 1.000000
0.998788 -0.048565 -0.007995 0.012400 0.048360 0.998539 -0.024112 8.239700 0.009155 0.023696 0.999677 -1.148800 0.000000 0.000000 0.000000 1.000000
0.999184 -0.038283 -0.012870 0.012400 0.037972 0.999000 -0.023585 8.239700 0.013760 0.023077 0.999639 -1.148800 0.000000 0.000000 0.000000 1.000000
0.999493 -0.029708 -0.011424 0.012400 0.029432 0.999288 -0.023610 8.239700 0.012117 0.023262 0.999656 -1.148800 0.000000 0.000000 0.000000 1.000000
0.999660 -0.025868 -0.003341 0.012400 0.025786 0.999411 -0.022662 8.239700 0.003925 0.022568 0.999738 -1.148800 0.000000 0.000000 0.000000 1.000000
0.999615 -0.027098 0.005925 0.012400 0.027212 0.999428 -0.020103 8.239700 -0.005377 0.020256 0.999780 -1.148800 0.000000 0.000000 0.000000 1.000000</float_array><technique_common><accessor source="#Spine1-Matrix-animation-output-transform-array" count="29" stride="16"><param type="float4x4"/></accessor></technique_common></source><source id="Spine1-Interpolations"><Name_array id="Spine1-Interpolations-array" count="29">
 LINEAR LINEAR LINEAR LINEAR LINEAR LINEAR LINEAR LINEAR LINEAR LINEAR LINEAR
LINEAR LINEAR LINEAR LINEAR LINEAR LINEAR LINEAR LINEAR LINEAR LINEAR LINEAR LINEAR
LINEAR LINEAR LINEAR LINEAR LINEAR LINEAR</Name_array><technique_common><accessor source="#Spine1-Interpolations-array" count="29"><param type="name"/></accessor></technique_common></source><sampler id="Spine1-Matrix-animation-transform"><input semantic="INPUT" source="#Spine1-Matrix-animation-input"/><input semantic="OUTPUT" source="#Spine1-Matrix-animation-output-transform"/><input semantic="INTERPOLATION" source="#Spine1-Interpolations"/></sampler><channel source="#Spine1-Matrix-animation-transform" target="Spine1/matrix"/></animation>
    <animation id="Spine2-anim" name="Spine2"><source id="Spine2-Matrix-animation-input"><float_array id="Spine2-Matrix-animation-input-array" count="29">

0.000000 0.033333 0.066667 0.100000 0.133333 0.166667 0.200000 0.233333 0.266667 0.300000 0.333333 0.366667 0.400000 0.433333 0.466667 0.500000
0.533333 0.566667 0.600000 0.633333 0.666667 0.700000 0.733333 0.766667 0.800000 0.833333 0.866667 0.900000 0.933333</float_array><technique_common><accessor source="#Spine2-Matrix-animation-input-array" count="29"><param name="TIME" type="float"/></accessor></technique_common></source><source id="Spine2-Matrix-animation-output-transform"><float_array id="Spine2-Matrix-animation-output-transform-array" count="464">

0.999611 -0.027151 0.006310 0.014200 0.027271 0.999435 -0.019651 9.416800 -0.005773 0.019815 0.999787 -1.313000 0.000000 0.000000 0.000000 1.000000
0.999608 -0.026481 0.009039 0.014200 0.026668 0.999418 -0.021272 9.416800 -0.008470 0.021505 0.999733 -1.313000 0.000000 0.000000 0.000000 1.000000
0.999592 -0.026388 0.010959 0.014200 0.026634 0.999382 -0.022946 9.416800 -0.010346 0.023229 0.999677 -1.313000 0.000000 0.000000 0.000000 1.000000
0.999558 -0.026683 0.013145 0.014200 0.027002 0.999329 -0.024753 9.416800 -0.012476 0.025097 0.999607 -1.313000 0.000000 0.000000 0.000000 1.000000
0.999518 -0.026526 0.016127 0.014200 0.026947 0.999286 -0.026493 9.416800 -0.015413 0.026915 0.999519 -1.313000 0.000000 0.000000 0.000000 1.000000
0.999470 -0.025970 0.019604 0.014200 0.026499 0.999278 -0.027225 9.416800 -0.018883 0.027731 0.999437 -1.313000 0.000000 0.000000 0.000000 1.000000
0.999396 -0.025748 0.023328 0.014200 0.026357 0.999309 -0.026212 9.416800 -0.022637 0.026811 0.999384 -1.313000 0.000000 0.000000 0.000000 1.000000
0.999310 -0.026153 0.026377 0.014200 0.026779 0.999361 -0.023663 9.416800 -0.025741 0.024353 0.999372 -1.313000 0.000000 0.000000 0.000000 1.000000
0.999264 -0.026785 0.027477 0.014200 0.027355 0.999414 -0.020553 9.416800 -0.026910 0.021290 0.999411 -1.313000 0.000000 0.000000 0.000000 1.000000
0.999232 -0.027163 0.028248 0.014200 0.027675 0.999456 -0.017920 9.416800 -0.027746 0.018688 0.999440 -1.313000 0.000000 0.000000 0.000000 1.000000
0.999142 -0.027644 0.030839 0.014200 0.028137 0.999481 -0.015664 9.416800 -0.030390 0.016518 0.999402 -1.313000 0.000000 0.000000 0.000000 1.000000
0.998982 -0.028571 0.034915 0.014200 0.029035 0.999496 -0.012867 9.416800 -0.034529 0.013868 0.999307 -1.313000 0.000000 0.000000 0.000000 1.000000
0.998884 -0.028238 0.037871 0.014200 0.028644 0.999537 -0.010227 9.416800 -0.037565 0.011301 0.999230 -1.313000 0.000000 0.000000 0.000000 1.000000
0.998972 -0.026361 0.036892 0.014200 0.026721 0.999600 -0.009303 9.416800 -0.036632 0.010279 0.999276 -1.313000 0.000000 0.000000 0.000000 1.000000
0.999111 -0.026263 0.032968 0.014200 0.026620 0.999591 -0.010417 9.416800 -0.032681 0.011286 0.999402 -1.313000 0.000000 0.000000 0.000000 1.000000
0.999200 -0.028499 0.028066 0.014200 0.028860 0.999505 -0.012558 9.416800 -0.027694 0.013358 0.999527 -1.313000 0.000000 0.000000 0.000000 1.000000
0.999270 -0.030834 0.022574 0.014200 0.031152 0.999419 -0.013850 9.416800 -0.022134 0.014543 0.999649 -1.313000 0.000000 0.000000 0.000000 1.000000
0.999361 -0.030704 0.018310 0.014200 0.030984 0.999405 -0.015169 9.416800 -0.017833 0.015727 0.999717 -1.313000 0.000000 0.000000 0.000000 1.000000
0.999423 -0.029627 0.016641 0.014200 0.029920 0.999396 -0.017661 9.416800 -0.016108 0.018148 0.999706 -1.313000 0.000000 0.000000 0.000000 1.000000
0.999426 -0.030488 0.014773 0.014200 0.030780 0.999326 -0.019979 9.416800 -0.014154 0.020423 0.999691 -1.313000 0.000000 0.000000 0.000000 1.000000
0.999450 -0.031537 0.010280 0.014200 0.031756 0.999257 -0.021844 9.416800 -0.009583 0.022158 0.999709 -1.313000 0.000000 0.000000 0.000000 1.000000
0.999511 -0.030945 0.004553 0.014200 0.031045 0.999234 -0.023806 9.416800 -0.003813 0.023936 0.999706 -1.313000 0.000000 0.000000 0.000000 1.000000
0.999560 -0.029667 -0.000382 0.014200 0.029648 0.999245 -0.025114 9.416800 0.001126 0.025091 0.999685 -1.313000 0.000000 0.000000 0.000000 1.000000
0.999598 -0.027900 -0.005012 0.014200 0.027768 0.999308 -0.024754 9.416800 0.005699 0.024605 0.999681 -1.313000 0.000000 0.000000 0.000000 1.000000
0.999598 -0.026324 -0.010574 0.014200 0.026071 0.999386 -0.023420 9.416800 0.011184 0.023135 0.999670 -1.313000 0.000000 0.000000 0.000000 1.000000
0.999592 -0.024628 -0.014439 0.014200 0.024294 0.999443 -0.022883 9.416800 0.014995 0.022523 0.999634 -1.313000 0.000000 0.000000 0.000000 1.000000
0.999661 -0.023067 -0.012064 0.014200 0.022785 0.999476 -0.022997 9.416800 0.012588 0.022714 0.999663 -1.313000 0.000000 0.000000 0.000000 1.000000
0.999705 -0.024055 -0.003310 0.014200 0.023976 0.999467 -0.022147 9.416800 0.003841 0.022061 0.999749 -1.313000 0.000000 0.000000 0.000000 1.000000
0.999611 -0.027151 0.006310 0.014200 0.027271 0.999435 -0.019651 9.416800 -0.005773 0.019815 0.999787 -1.313000 0.000000 0.000000 0.000000 1.000000</float_array><technique_common><accessor source="#Spine2-Matrix-animation-output-transform-array" count="29" stride="16"><param type="float4x4"/></accessor></technique_common></source><source id="Spine2-Interpolations"><Name_array id="Spine2-Interpolations-array" count="29">
 LINEAR LINEAR LINEAR LINEAR LINEAR LINEAR LINEAR LINEAR LINEAR LINEAR LINEAR
LINEAR LINEAR LINEAR LINEAR LINEAR LINEAR LINEAR LINEAR LINEAR LINEAR LINEAR LINEAR
LINEAR LINEAR LINEAR LINEAR LINEAR LINEAR</Name_array><technique_common><accessor source="#Spine2-Interpolations-array" count="29"><param type="name"/></accessor></technique_common></source><sampler id="Spine2-Matrix-animation-transform"><input semantic="INPUT" source="#Spine2-Matrix-animation-input"/><input semantic="OUTPUT" source="#Spine2-Matrix-animation-output-transform"/><input semantic="INTERPOLATION" source="#Spine2-Interpolations"/></sampler><channel source="#Spine2-Matrix-animation-transform" target="Spine2/matrix"/></animation>
    <animation id="Neck-anim" name="Neck"><source id="Neck-Matrix-animation-input"><float_array id="Neck-Matrix-animation-input-array" count="29">

0.000000 0.033333 0.066667 0.100000 0.133333 0.166667 0.200000 0.233333 0.266667 0.300000 0.333333 0.366667 0.400000 0.433333 0.466667 0.500000
0.533333 0.566667 0.600000 0.633333 0.666667 0.700000 0.733333 0.766667 0.800000 0.833333 0.866667 0.900000 0.933333</float_array><technique_common><accessor source="#Neck-Matrix-animation-input-array" count="29"><param name="TIME" type="float"/></accessor></technique_common></source><source id="Neck-Matrix-animation-output-transform"><float_array id="Neck-Matrix-animation-output-transform-array" count="464">

0.999968 -0.007936 -0.001378 0.016000 0.007762 0.995152 -0.098040 10.593800 0.002149 0.098026 0.995182 -1.477100 0.000000 0.000000 0.000000 1.000000
0.999950 -0.002117 0.009811 0.016000 0.003049 0.995380 -0.095967 10.593800 -0.009562 0.095992 0.995336 -1.477100 0.000000 0.000000 0.000000 1.000000
0.999466 0.007777 0.031730 0.016000 -0.004599 0.995077 -0.098998 10.593800 -0.032344 0.098800 0.994582 -1.477100 0.000000 0.000000 0.000000 1.000000
0.998032 0.019233 0.059693 0.016000 -0.012756 0.994172 -0.107048 10.593800 -0.061404 0.106076 0.992460 -1.477100 0.000000 0.000000 0.000000 1.000000
0.995511 0.030249 0.089684 0.016000 -0.019564 0.992855 -0.117711 10.593800 -0.092604 0.115428 0.988990 -1.477100 0.000000 0.000000 0.000000 1.000000
0.992330 0.038561 0.117448 0.016000 -0.023358 0.991477 -0.128169 10.593800 -0.121389 0.124443 0.984773 -1.477100 0.000000 0.000000 0.000000 1.000000
0.989408 0.043615 0.138457 0.016000 -0.024556 0.990338 -0.136485 10.593800 -0.143072 0.131639 0.980919 -1.477100 0.000000 0.000000 0.000000 1.000000
0.987725 0.045711 0.149366 0.016000 -0.024465 0.989693 -0.141100 10.593800 -0.154276 0.135714 0.978663 -1.477100 0.000000 0.000000 0.000000 1.000000
0.986741 0.046805 0.155405 0.016000 -0.024395 0.989408 -0.143094 10.593800 -0.160456 0.137405 0.977432 -1.477100 0.000000 0.000000 0.000000 1.000000
0.986397 0.047547 0.157354 0.016000 -0.024815 0.989354 -0.143397 10.593800 -0.162497 0.137542 0.977076 -1.477100 0.000000 0.000000 0.000000 1.000000
0.986660 0.047707 0.155648 0.016000 -0.025190 0.989323 -0.143548 10.593800 -0.160834 0.137713 0.977327 -1.477100 0.000000 0.000000 0.000000 1.000000
0.987304 0.047250 0.151654 0.016000 -0.025153 0.989193 -0.144447 10.593800 -0.156841 0.138799 0.977822 -1.477100 0.000000 0.000000 0.000000 1.000000
0.988109 0.046643 0.146507 0.016000 -0.025213 0.989131 -0.144857 10.593800 -0.151671 0.139441 0.978546 -1.477100 0.000000 0.000000 0.000000 1.000000
0.989096 0.044726 0.140314 0.016000 -0.024481 0.989446 -0.142821 10.593800 -0.145221 0.137828 0.979752 -1.477100 0.000000 0.000000 0.000000 1.000000
0.990369 0.039371 0.132735 0.016000 -0.020763 0.990108 -0.138761 10.593800 -0.136885 0.134668 0.981390 -1.477100 0.000000 0.000000 0.000000 1.000000
0.991825 0.032783 0.123325 0.016000 -0.015948 0.990705 -0.135089 10.593800 -0.126607 0.132018 0.983129 -1.477100 0.000000 0.000000 0.000000 1.000000
0.993318 0.028600 0.111813 0.016000 -0.013578 0.991042 -0.132862 10.593800 -0.114611 0.130456 0.984807 -1.477100 0.000000 0.000000 0.000000 1.000000
0.994787 0.025092 0.098839 0.016000 -0.012099 0.991450 -0.129925 10.593800 -0.101254 0.128052 0.986585 -1.477100 0.000000 0.000000 0.000000 1.000000
0.996152 0.019380 0.085470 0.016000 -0.008579 0.992122 -0.124980 10.593800 -0.087219 0.123766 0.988471 -1.477100 0.000000 0.000000 0.000000 1.000000
0.997325 0.011621 0.072160 0.016000 -0.002962 0.992896 -0.118950 10.593800 -0.073030 0.118418 0.990275 -1.477100 0.000000 0.000000 0.000000 1.000000
0.998242 0.003795 0.059154 0.016000 0.002885 0.993654 -0.112446 10.593800 -0.059205 0.112419 0.991896 -1.477100 0.000000 0.000000 0.000000 1.000000
0.998897 -0.003390 0.046825 0.016000 0.008349 0.994318 -0.106126 10.593800 -0.046199 0.106400 0.993249 -1.477100 0.000000 0.000000 0.000000 1.000000
0.999325 -0.009531 0.035483 0.016000 0.013096 0.994736 -0.101627 10.593800 -0.034328 0.102023 0.994190 -1.477100 0.000000 0.000000 0.000000 1.000000
0.999582 -0.013921 0.025337 0.016000 0.016375 0.994916 -0.099364 10.593800 -0.023825 0.099737 0.994729 -1.477100 0.000000 0.000000 0.000000 1.000000
0.999724 -0.016624 0.016592 0.016000 0.018176 0.994996 -0.098244 10.593800 -0.014876 0.098518 0.995024 -1.477100 0.000000 0.000000 0.000000 1.000000
0.999808 -0.017092 0.009554 0.016000 0.017949 0.994999 -0.098257 10.593800 -0.007827 0.098410 0.995115 -1.477100 0.000000 0.000000 0.000000 1.000000
0.999878 -0.014931 0.004521 0.016000 0.015307 0.994912 -0.099581 10.593800 -0.003011 0.099638 0.995019 -1.477100 0.000000 0.000000 0.000000 1.000000
0.999934 -0.011464 0.000574 0.016000 0.011464 0.994899 -0.100221 10.593800 0.000578 0.100221 0.994965 -1.477100 0.000000 0.000000 0.000000 1.000000
0.999968 -0.007936 -0.001378 0.016000 0.007762 0.995152 -0.098040 10.593800 0.002150 0.098026 0.995182 -1.477100 0.000000 0.000000 0.000000 1.000000</float_array><technique_common><accessor source="#Neck-Matrix-animation-output-transform-array" count="29" stride="16"><param type="float4x4"/></accessor></technique_common></source><source id="Neck-Interpolations"><Name_array id="Neck-Interpolations-array" count="29">
 LINEAR LINEAR LINEAR LINEAR LINEAR LINEAR LINEAR LINEAR LINEAR LINEAR LINEAR
LINEAR LINEAR LINEAR LINEAR LINEAR LINEAR LINEAR LINEAR LINEAR LINEAR LINEAR LINEAR
LINEAR LINEAR LINEAR LINEAR LINEAR LINEAR</Name_array><technique_common><accessor source="#Neck-Interpolations-array" count="29"><param type="name"/></accessor></technique_common></source><sampler id="Neck-Matrix-animation-transform"><input semantic="INPUT" source="#Neck-Matrix-animation-input"/><input semantic="OUTPUT" source="#Neck-Matrix-animation-output-transform"/><input semantic="INTERPOLATION" source="#Neck-Interpolations"/></sampler><channel source="#Neck-Matrix-animation-transform" target="Neck/matrix"/></animation>
    <animation id="Head-anim" name="Head"><source id="Head-Matrix-animation-input"><float_array id="Head-Matrix-animation-input-array" count="29">

0.000000 0.033333 0.066667 0.100000 0.133333 0.166667 0.200000 0.233333 0.266667 0.300000 0.333333 0.366667 0.400000 0.433333 0.466667 0.500000
0.533333 0.566667 0.600000 0.633333 0.666667 0.700000 0.733333 0.766667 0.800000 0.833333 0.866667 0.900000 0.933333</float_array><technique_common><accessor source="#Head-Matrix-animation-input-array" count="29"><param name="TIME" type="float"/></accessor></technique_common></source><source id="Head-Matrix-animation-output-transform"><float_array id="Head-Matrix-animation-output-transform-array" count="464">

0.999711 0.001406 0.024009 0.000000 -0.004554 0.991295 0.131584 5.056400 -0.023615 -0.131656 0.991014 0.719600 0.000000 0.000000 0.000000 1.000000
0.998101 0.010682 0.060663 -0.000000 -0.018953 0.990326 0.137461 5.056400 -0.058608 -0.138350 0.988648 0.719600 0.000000 0.000000 0.000000 1.000000
0.992665 0.025130 0.118258 0.000000 -0.040959 0.990218 0.133384 5.056400 -0.113749 -0.137249 0.983984 0.719600 0.000000 0.000000 0.000000 1.000000
0.981432 0.042325 0.187082 -0.000000 -0.065575 0.990620 0.119887 5.056400 -0.180252 -0.129928 0.975001 0.719600 0.000000 0.000000 0.000000 1.000000
0.964111 0.058909 0.258883 0.000000 -0.086109 0.991746 0.095005 5.056400 -0.251150 -0.113887 0.961225 0.719600 0.000000 0.000000 0.000000 1.000000
0.942361 0.074683 0.326157 0.000000 -0.100118 0.993049 0.061883 5.056400 -0.319268 -0.090970 0.943288 0.719600 0.000000 0.000000 0.000000 1.000000
0.920477 0.089200 0.380480 0.000000 -0.108870 0.993590 0.030446 5.056400 -0.375325 -0.069448 0.924288 0.719600 0.000000 0.000000 0.000000 1.000000
0.903933 0.101453 0.415467 0.000000 -0.115758 0.993234 0.009316 5.056400 -0.411711 -0.056515 0.909561 0.719600 0.000000 0.000000 0.000000 1.000000
0.890733 0.113718 0.440072 -0.000000 -0.123983 0.992269 -0.005461 5.056400 -0.437291 -0.049698 0.897946 0.719600 0.000000 0.000000 0.000000 1.000000
0.882658 0.124627 0.453192 0.000000 -0.132525 0.991075 -0.014433 5.056400 -0.450946 -0.047320 0.891296 0.719600 0.000000 0.000000 0.000000 1.000000
0.880006 0.132698 0.456050 0.000000 -0.139486 0.990043 -0.018919 5.056400 -0.454020 -0.046964 0.889753 0.719600 0.000000 0.000000 0.000000 1.000000
0.880030 0.138372 0.454314 0.000000 -0.144335 0.989290 -0.021726 5.056400 -0.452455 -0.046454 0.890577 0.719600 0.000000 0.000000 0.000000 1.000000
0.880781 0.141879 0.451768 0.000000 -0.147206 0.988826 -0.023546 5.056400 -0.450061 -0.045764 0.891824 0.719600 0.000000 0.000000 0.000000 1.000000
0.882091 0.143717 0.448621 0.000000 -0.148837 0.988569 -0.024044 5.056400 -0.446948 -0.045562 0.893399 0.719600 0.000000 0.000000 0.000000 1.000000
0.883675 0.145408 0.444944 0.000000 -0.151230 0.988240 -0.022609 5.056400 -0.442999 -0.047310 0.895273 0.719600 0.000000 0.000000 0.000000 1.000000
0.886818 0.148595 0.437577 0.000000 -0.156785 0.987476 -0.017582 5.056400 -0.434709 -0.053013 0.899009 0.719600 0.000000 0.000000 0.000000 1.000000
0.894466 0.151827 0.420570 0.000000 -0.163370 0.986527 -0.008684 5.056400 -0.416222 -0.060941 0.907219 0.719600 0.000000 0.000000 0.000000 1.000000
0.907312 0.148255 0.393454 0.000000 -0.162427 0.986717 0.002760 5.056400 -0.387819 -0.066412 0.919340 0.719600 0.000000 0.000000 0.000000 1.000000
0.922897 0.134572 0.360765 0.000000 -0.149839 0.988603 0.014548 5.056400 -0.354696 -0.067483 0.932543 0.719600 0.000000 0.000000 0.000000 1.000000
0.938191 0.116265 0.326006 0.000000 -0.132061 0.990883 0.026666 5.056400 -0.319934 -0.068071 0.944991 0.719600 0.000000 0.000000 0.000000 1.000000
0.952021 0.097412 0.290114 0.000000 -0.114777 0.992442 0.043411 5.056400 -0.283693 -0.074627 0.956007 0.719600 0.000000 0.000000 0.000000 1.000000
0.964211 0.078157 0.253355 0.000000 -0.097413 0.993161 0.064352 5.056400 -0.246593 -0.086729 0.965231 0.719600 0.000000 0.000000 0.000000 1.000000
0.974468 0.060240 0.216294 0.000000 -0.079915 0.993307 0.083396 5.056400 -0.209822 -0.098552 0.972760 0.719600 0.000000 0.000000 0.000000 1.000000
0.982833 0.044972 0.178935 -0.000000 -0.063177 0.993240 0.097384 5.056400 -0.173346 -0.107016 0.979029 0.719600 0.000000 0.000000 0.000000 1.000000
0.989360 0.032359 0.141842 0.000000 -0.047840 0.993094 0.107129 5.056400 -0.137396 -0.112775 0.984075 0.719600 0.000000 0.000000 0.000000 1.000000
0.994097 0.023371 0.105949 0.000000 -0.035460 0.992883 0.113695 5.056400 -0.102537 -0.116781 0.987850 0.719600 0.000000 0.000000 0.000000 1.000000
0.997228 0.016969 0.072447 -0.000000 -0.025489 0.992644 0.118356 5.056400 -0.069905 -0.119874 0.990325 0.719600 0.000000 0.000000 0.000000 1.000000
0.999050 0.009540 0.042522 0.000000 -0.014779 0.992088 0.124672 5.056400 -0.040996 -0.125182 0.991286 0.719600 0.000000 0.000000 0.000000 1.000000
0.999711 0.001406 0.024009 0.000000 -0.004554 0.991295 0.131584 5.056400 -0.023615 -0.131656 0.991014 0.719600 0.000000 0.000000 0.000000 1.000000</float_array><technique_common><accessor source="#Head-Matrix-animation-output-transform-array" count="29" stride="16"><param type="float4x4"/></accessor></technique_common></source><source id="Head-Interpolations"><Name_array id="Head-Interpolations-array" count="29">
 LINEAR LINEAR LINEAR LINEAR LINEAR LINEAR LINEAR LINEAR LINEAR LINEAR LINEAR
LINEAR LINEAR LINEAR LINEAR LINEAR LINEAR LINEAR LINEAR LINEAR LINEAR LINEAR LINEAR
LINEAR LINEAR LINEAR LINEAR LINEAR LINEAR</Name_array><technique_common><accessor source="#Head-Interpolations-array" count="29"><param type="name"/></accessor></technique_common></source><sampler id="Head-Matrix-animation-transform"><input semantic="INPUT" source="#Head-Matrix-animation-input"/><input semantic="OUTPUT" source="#Head-Matrix-animation-output-transform"/><input semantic="INTERPOLATION" source="#Head-Interpolations"/></sampler><channel source="#Head-Matrix-animation-transform" target="Head/matrix"/></animation>
    <animation id="LeftShoulder-anim" name="LeftShoulder"><source id="LeftShoulder-Matrix-animation-input"><float_array id="LeftShoulder-Matrix-animation-input-array" count="29">

0.000000 0.033333 0.066667 0.100000 0.133333 0.166667 0.200000 0.233333 0.266667 0.300000 0.333333 0.366667 0.400000 0.433333 0.466667 0.500000
0.533333 0.566667 0.600000 0.633333 0.666667 0.700000 0.733333 0.766667 0.800000 0.833333 0.866667 0.900000 0.933333</float_array><technique_common><accessor source="#LeftShoulder-Matrix-animation-input-array" count="29"><param name="TIME" type="float"/></accessor></technique_common></source><source id="LeftShoulder-Matrix-animation-output-transform"><float_array id="LeftShoulder-Matrix-animation-output-transform-array" count="464">

0.931711 0.205107 -0.299741 3.528500 -0.220317 0.975272 -0.017473 8.730400 0.288746 0.082318 0.953860 -1.456100 0.000000 0.000000 0.000000 1.000000
0.930809 0.207182 -0.301113 3.528500 -0.222453 0.974796 -0.016940 8.730400 0.290014 0.082752 0.953438 -1.456100 0.000000 0.000000 0.000000 1.000000
0.929580 0.209593 -0.303235 3.528500 -0.224978 0.974227 -0.016305 8.730400 0.292002 0.083378 0.952776 -1.456100 0.000000 0.000000 0.000000 1.000000
0.928732 0.211368 -0.304599 3.528500 -0.226822 0.973807 -0.015840 8.730400 0.293273 0.083801 0.952349 -1.456100 0.000000 0.000000 0.000000 1.000000
0.929268 0.210850 -0.303321 3.528500 -0.226212 0.973947 -0.016007 8.730400 0.292043 0.083489 0.952754 -1.456100 0.000000 0.000000 0.000000 1.000000
0.930794 0.208045 -0.300566 3.528500 -0.223253 0.974617 -0.016762 8.730400 0.289449 0.082704 0.953614 -1.456100 0.000000 0.000000 0.000000 1.000000
0.932354 0.204828 -0.297927 3.528500 -0.219901 0.975363 -0.017602 8.730400 0.286982 0.081926 0.954426 -1.456100 0.000000 0.000000 0.000000 1.000000
0.933704 0.202569 -0.295235 3.528500 -0.217479 0.975895 -0.018205 8.730400 0.284430 0.081205 0.955251 -1.456100 0.000000 0.000000 0.000000 1.000000
0.935069 0.200456 -0.292342 3.528500 -0.215182 0.976394 -0.018769 8.730400 0.281678 0.080457 0.956130 -1.456100 0.000000 0.000000 0.000000 1.000000
0.935873 0.198624 -0.291015 3.528500 -0.213288 0.976800 -0.019226 8.730400 0.280445 0.080063 0.956525 -1.456100 0.000000 0.000000 0.000000 1.000000
0.936263 0.197436 -0.290569 3.528500 -0.212093 0.977055 -0.019512 8.730400 0.280050 0.079896 0.956655 -1.456100 0.000000 0.000000 0.000000 1.000000
0.936732 0.197009 -0.289346 3.528500 -0.211577 0.977164 -0.019635 8.730400 0.278870 0.079612 0.957023 -1.456100 0.000000 0.000000 0.000000 1.000000
0.937375 0.197617 -0.286837 3.528500 -0.211969 0.977081 -0.019546 8.730400 0.276400 0.079122 0.957780 -1.456100 0.000000 0.000000 0.000000 1.000000
0.938754 0.197310 -0.282504 3.528500 -0.211323 0.977218 -0.019701 8.730400 0.272181 0.078194 0.959064 -1.456100 0.000000 0.000000 0.000000 1.000000
0.941282 0.193323 -0.276794 3.528500 -0.206975 0.978127 -0.020692 8.730400 0.266739 0.076767 0.960707 -1.456100 0.000000 0.000000 0.000000 1.000000
0.943400 0.188796 -0.272678 3.528500 -0.202225 0.979098 -0.021746 8.730400 0.262873 0.075657 0.961860 -1.456100 0.000000 0.000000 0.000000 1.000000
0.943371 0.188994 -0.272640 3.528500 -0.202415 0.979059 -0.021697 8.730400 0.262830 0.075655 0.961871 -1.456100 0.000000 0.000000 0.000000 1.000000
0.941849 0.191646 -0.276030 3.528500 -0.205271 0.978478 -0.021061 8.730400 0.266053 0.076498 0.960918 -1.456100 0.000000 0.000000 0.000000 1.000000
0.940537 0.191810 -0.280357 3.528500 -0.205770 0.978376 -0.020944 8.730400 0.270277 0.077388 0.959667 -1.456100 0.000000 0.000000 0.000000 1.000000
