<?xml version="1.0" encoding="utf-8"?>
<COLLADA xmlns="http://www.collada.org/2005/11/COLLADASchema" version="1.4.1">
  <asset><contributor><author>Mixamo</author><authoring_tool>COLLADA Mixamo exporter</authoring_tool><comments></comments></contributor><created>2018-10-29T22:59:26Z</created><modified>2018-10-29T22:59:26Z</modified><revision></revision><title></title><unit meter="0.010000"/><up_axis>Y_UP</up_axis></asset>
  <library_animations>
    <animation id="Hips-anim" name="Hips"><source id="Hips-Matrix-animation-input"><float_array id="Hips-Matrix-animation-input-array" count="32">

0.000000 0.033333 0.066667 0.100000 0.133333 0.166667 0.200000 0.233333 0.266667 0.300000 0.333333 0.366667 0.400000 0.433333 0.466667 0.500000
0.533333 0.566667 0.600000 0.633333 0.666667 0.700000 0.733333 0.766667 0.800000 0.833333 0.866667 0.900000 0.933333 0.966667 1.000000 1.033333</float_array><technique_common><accessor source="#Hips-Matrix-animation-input-array" count="32"><param name="TIME" type="float"/></accessor></technique_common></source><source id="Hips-Matrix-animation-output-transform"><float_array id="Hips-Matrix-animation-output-transform-array" count="512">

0.728452 0.052346 -0.683094 -0.727369 0.001038 0.996991 0.077508 74.950325 0.685096 -0.057170 0.726206 0.563637 0.000000 0.000000 0.000000 1.000000
0.669893 0.055127 -0.740409 -0.331823 -0.009710 0.997805 0.065505 74.946434 0.742394 -0.036692 0.668957 1.075909 0.000000 0.000000 0.000000 1.000000
0.605120 0.049373 -0.794602 0.661641 -0.024138 0.998754 0.043676 75.049278 0.795768 -0.007249 0.605558 2.296549 0.000000 0.000000 0.000000 1.000000
0.537655 0.039331 -0.842247 1.901412 -0.040568 0.998961 0.020752 75.187943 0.842188 0.023011 0.538692 3.755855 0.000000 0.000000 0.000000 1.000000
0.470225 0.025547 -0.882177 3.020640 -0.053909 0.998546 0.000182 75.409164 0.880899 0.047472 0.470918 5.073359 0.000000 0.000000 0.000000 1.000000
0.404330 0.008128 -0.914577 4.005573 -0.063512 0.997796 -0.019211 75.739014 0.912405 0.065854 0.403955 6.296967 0.000000 0.000000 0.000000 1.000000
0.341569 -0.008702 -0.939816 4.898378 -0.069709 0.996968 -0.034566 75.872528 0.937268 0.077321 0.339927 7.404591 0.000000 0.000000 0.000000 1.000000
0.282507 -0.024985 -0.958940 5.642857 -0.070039 0.996455 -0.046596 75.818863 0.956705 0.080327 0.279756 8.281522 0.000000 0.000000 0.000000 1.000000
0.227272 -0.039570 -0.973027 6.282330 -0.067996 0.996091 -0.056390 75.709564 0.971455 0.078978 0.223693 9.018555 0.000000 0.000000 0.000000 1.000000
0.174575 -0.051790 -0.983281 6.832473 -0.064823 0.995845 -0.063960 75.646385 0.982508 0.074905 0.170493 9.658862 0.000000 0.000000 0.000000 1.000000
0.121449 -0.062662 -0.990618 7.318098 -0.059979 0.995718 -0.070338 75.640785 0.990784 0.067958 0.117171 10.173202 0.000000 0.000000 0.000000 1.000000
0.065421 -0.073215 -0.995168 7.764987 -0.053575 0.995608 -0.076770 75.702553 0.996419 0.058338 0.061211 10.553082 0.000000 0.000000 0.000000 1.000000
0.005475 -0.083400 -0.996501 8.193308 -0.046629 0.995411 -0.083565 75.828789 0.998897 0.046923 0.001561 10.802420 0.000000 0.000000 0.000000 1.000000
-0.057092 -0.092143 -0.994108 8.616727 -0.041005 0.995108 -0.089881 75.989792 0.997527 0.035632 -0.060591 10.930277 0.000000 0.000000 0.000000 1.000000
-0.120471 -0.097279 -0.987939 9.039249 -0.037448 0.994924 -0.093401 76.101387 0.992010 0.025744 -0.123502 10.933221 0.000000 0.000000 0.000000 1.000000
-0.182226 -0.098884 -0.978272 9.447693 -0.035730 0.994939 -0.093913 76.080902 0.982607 0.017841 -0.184837 10.794897 0.000000 0.000000 0.000000 1.000000
-0.239349 -0.097386 -0.966037 9.829591 -0.035887 0.995165 -0.091431 75.916306 0.970270 0.012784 -0.241687 10.506936 0.000000 0.000000 0.000000 1.000000
-0.289402 -0.093296 -0.952650 10.131607 -0.035605 0.995599 -0.086686 75.629463 0.956545 0.008832 -0.291450 10.082637 0.000000 0.000000 0.000000 1.000000
-0.330958 -0.086633 -0.939660 10.305094 -0.033229 0.996229 -0.080145 75.273537 0.943060 0.004699 -0.332589 9.552545 0.000000 0.000000 0.000000 1.000000
-0.363772 -0.077692 -0.928242 10.178859 -0.028253 0.996977 -0.072373 74.973572 0.931059 -0.000102 -0.364868 8.886519 0.000000 0.000000 0.000000 1.000000
-0.388610 -0.065834 -0.919047 9.691299 -0.020258 0.997814 -0.062910 74.813721 0.921180 -0.005829 -0.389094 8.083694 0.000000 0.000000 0.000000 1.000000
-0.407625 -0.050504 -0.911752 8.912995 -0.009596 0.998651 -0.051027 74.783569 0.913099 -0.012051 -0.407560 7.176064 0.000000 0.000000 0.000000 1.000000
-0.424359 -0.032237 -0.904920 7.927505 0.001876 0.999333 -0.036480 74.834305 0.905492 -0.017178 -0.424015 6.193851 0.000000 0.000000 0.000000 1.000000
-0.442435 -0.012699 -0.896711 6.811092 0.011647 0.999734 -0.019905 74.921219 0.896725 -0.019251 -0.442169 5.172866 0.000000 0.000000 0.000000 1.000000
-0.464290 0.005610 -0.885666 5.610571 0.017610 0.999841 -0.002898 75.001991 0.885508 -0.016942 -0.464315 4.144258 0.000000 0.000000 0.000000 1.000000
-0.489714 0.021185 -0.871626 4.361308 0.019487 0.999721 0.013350 75.046059 0.871666 -0.010448 -0.489990 3.115070 0.000000 0.000000 0.000000 1.000000
-0.517737 0.034611 -0.854839 3.115539 0.018540 0.999401 0.029236 75.042130 0.855339 -0.000712 -0.518069 2.263339 0.000000 0.000000 0.000000 1.000000
-0.547641 0.047069 -0.835388 1.953024 0.016780 0.998833 0.045278 75.010170 0.836545 0.010779 -0.547792 1.403747 0.000000 0.000000 0.000000 1.000000
-0.579162 0.058570 -0.813105 0.947488 0.015139 0.998016 0.061106 74.958374 0.815072 0.023081 -0.578900 0.595228 0.000000 0.000000 0.000000 1.000000
-0.612237 0.067259 -0.787808 0.162408 0.013138 0.997103 0.074918 74.892250 0.790565 0.035518 -0.611347 -0.080442 0.000000 0.000000 0.000000 1.000000
-0.646700 0.065961 -0.759887 -0.367934 0.008662 0.996825 0.079157 74.906235 0.762695 0.044609 -0.645218 -0.551925 0.000000 0.000000 0.000000 1.000000
-0.682810 0.057336 -0.728343 -0.565911 0.001042 0.996991 0.077508 74.950287 0.730595 0.052165 -0.680815 -0.725605 0.000000 0.000000 0.000000 1.000000</float_array><technique_common><accessor source="#Hips-Matrix-animation-output-transform-array" count="32" stride="16"><param type="float4x4"/></accessor></technique_common></source><source id="Hips-Interpolations"><Name_array id="Hips-Interpolations-array" count="32">
 LINEAR LINEAR LINEAR LINEAR LINEAR LINEAR LINEAR LINEAR LINEAR LINEAR LINEAR
LINEAR LINEAR LINEAR LINEAR LINEAR LINEAR LINEAR LINEAR LINEAR LINEAR LINEAR LINEAR
LINEAR LINEAR LINEAR LINEAR LINEAR LINEAR LINEAR LINEAR LINEAR</Name_array><technique_common><accessor source="#Hips-Interpolations-array" count="32"><param type="name"/></accessor></technique_common></source><sampler id="Hips-Matrix-animation-transform"><input semantic="INPUT" source="#Hips-Matrix-animation-input"/><input semantic="OUTPUT" source="#Hips-Matrix-animation-output-transform"/><input semantic="INTERPOLATION" source="#Hips-Interpolations"/></sampler><channel source="#Hips-Matrix-animation-transform" target="Hips/matrix"/></animation>
    <animation id="Spine-anim" name="Spine"><source id="Spine-Matrix-animation-input"><float_array id="Spine-Matrix-animation-input-array" count="32">

0.000000 0.033333 0.066667 0.100000 0.133333 0.166667 0.200000 0.233333 0.266667 0.300000 0.333333 0.366667 0.400000 0.433333 0.466667 0.500000
0.533333 0.566667 0.600000 0.633333 0.666667 0.700000 0.733333 0.766667 0.800000 0.833333 0.866667 0.900000 0.933333 0.966667 1.000000 1.033333</float_array><technique_common><accessor source="#Spine-Matrix-animation-input-array" count="32"><param name="TIME" type="float"/></accessor></technique_common></source><source id="Spine-Matrix-animation-output-transform"><float_array id="Spine-Matrix-animation-output-transform-array" count="512">

0.996423 0.020171 0.082065 0.009000 -0.011805 0.994798 -0.101183 7.062600 -0.083679 0.099852 0.991477 -0.984700 0.000000 0.000000 0.000000 1.000000
0.996428 0.016907 0.082737 0.009000 -0.008691 0.995082 -0.098674 7.062600 -0.083999 0.097602 0.991674 -0.984700 0.000000 0.000000 0.000000 1.000000
0.996424 0.012153 0.083616 0.009000 -0.004054 0.995339 -0.096355 7.062600 -0.084397 0.095672 0.991829 -0.984700 0.000000 0.000000 0.000000 1.000000
0.996387 0.006839 0.084659 0.009000 0.001209 0.995510 -0.094649 7.062600 -0.084926 0.094409 0.991904 -0.984700 0.000000 0.000000 0.000000 1.000000
0.996310 0.002946 0.085776 0.009000 0.005132 0.995578 -0.093800 7.062600 -0.085673 0.093894 0.991889 -0.984700 0.000000 0.000000 0.000000 1.000000
0.996243 0.000827 0.086593 0.009000 0.007303 0.995589 -0.093533 7.062600 -0.086288 0.093814 0.991843 -0.984700 0.000000 0.000000 0.000000 1.000000
0.996219 0.001144 0.086864 0.009000 0.007007 0.995597 -0.093473 7.062600 -0.086589 0.093728 0.991825 -0.984700 0.000000 0.000000 0.000000 1.000000
0.996248 0.005447 0.086377 0.009000 0.002666 0.995613 -0.093525 7.062600 -0.086507 0.093405 0.991863 -0.984700 0.000000 0.000000 0.000000 1.000000
0.996280 0.010029 0.085585 0.009000 -0.001992 0.995620 -0.093475 7.062600 -0.086148 0.092957 0.991936 -0.984700 0.000000 0.000000 0.000000 1.000000
0.996291 0.014126 0.084882 0.009000 -0.006152 0.995602 -0.093483 7.062600 -0.085829 0.092615 0.991996 -0.984700 0.000000 0.000000 0.000000 1.000000
0.996282 0.018263 0.084191 0.009000 -0.010340 0.995556 -0.093602 7.062600 -0.085527 0.092384 0.992044 -0.984700 0.000000 0.000000 0.000000 1.000000
0.996257 0.022450 0.083473 0.009000 -0.014587 0.995499 -0.093640 7.062600 -0.085200 0.092071 0.992101 -0.984700 0.000000 0.000000 0.000000 1.000000
0.996226 0.026013 0.082804 0.009000 -0.018221 0.995452 -0.093509 7.062600 -0.084859 0.091647 0.992169 -0.984700 0.000000 0.000000 0.000000 1.000000
0.996211 0.027996 0.082344 0.009000 -0.020251 0.995419 -0.093441 7.062600 -0.084583 0.091420 0.992214 -0.984700 0.000000 0.000000 0.000000 1.000000
0.996217 0.028257 0.082175 0.009000 -0.020496 0.995380 -0.093803 7.062600 -0.084446 0.091764 0.992194 -0.984700 0.000000 0.000000 0.000000 1.000000
0.996245 0.027060 0.082238 0.009000 -0.019217 0.995320 -0.094708 7.062600 -0.084416 0.092772 0.992102 -0.984700 0.000000 0.000000 0.000000 1.000000
0.996295 0.024583 0.082408 0.009000 -0.016620 0.995247 -0.095954 7.062600 -0.084375 0.094229 0.991969 -0.984700 0.000000 0.000000 0.000000 1.000000
0.996350 0.022016 0.082475 0.009000 -0.013931 0.995152 -0.097353 7.062600 -0.084219 0.095849 0.991827 -0.984700 0.000000 0.000000 0.000000 1.000000
0.996396 0.020587 0.082291 0.009000 -0.012395 0.995026 -0.098844 7.062600 -0.083917 0.097468 0.991694 -0.984700 0.000000 0.000000 0.000000 1.000000
0.996433 0.020395 0.081881 0.009000 -0.012111 0.994871 -0.100420 7.062600 -0.083509 0.099071 0.991570 -0.984700 0.000000 0.000000 0.000000 1.000000
0.996467 0.021277 0.081248 0.009000 -0.012910 0.994685 -0.102148 7.062600 -0.082990 0.100738 0.991446 -0.984700 0.000000 0.000000 0.000000 1.000000
0.996486 0.023108 0.080511 0.009000 -0.014652 0.994461 -0.104076 7.062600 -0.082470 0.102531 0.991305 -0.984700 0.000000 0.000000 0.000000 1.000000
0.996475 0.025238 0.080005 0.009000 -0.016669 0.994224 -0.106021 7.062600 -0.082219 0.104314 0.991140 -0.984700 0.000000 0.000000 0.000000 1.000000
0.996439 0.026867 0.079927 0.009000 -0.018176 0.994034 -0.107541 7.062600 -0.082339 0.105706 0.990983 -0.984700 0.000000 0.000000 0.000000 1.000000
0.996400 0.027467 0.080202 0.009000 -0.018691 0.993954 -0.108197 7.062600 -0.082689 0.106309 0.990889 -0.984700 0.000000 0.000000 0.000000 1.000000
0.996380 0.026875 0.080649 0.009000 -0.018075 0.993995 -0.107920 7.062600 -0.083065 0.106072 0.990883 -0.984700 0.000000 0.000000 0.000000 1.000000
0.996381 0.025465 0.081096 0.009000 -0.016689 0.994107 -0.107114 7.062600 -0.083345 0.105373 0.990934 -0.984700 0.000000 0.000000 0.000000 1.000000
0.996388 0.024199 0.081396 0.009000 -0.015462 0.994213 -0.106304 7.062600 -0.083497 0.104662 0.990997 -0.984700 0.000000 0.000000 0.000000 1.000000
0.996394 0.023389 0.081558 0.009000 -0.014696 0.994300 -0.105601 7.062600 -0.083563 0.104021 0.991058 -0.984700 0.000000 0.000000 0.000000 1.000000
0.996398 0.022823 0.081672 0.009000 -0.014196 0.994403 -0.104691 7.062600 -0.083605 0.103155 0.991146 -0.984700 0.000000 0.000000 0.000000 1.000000
0.996407 0.021844 0.081828 0.009000 -0.013326 0.994567 -0.103239 7.062600 -0.083638 0.101777 0.991285 -0.984700 0.000000 0.000000 0.000000 1.000000
0.996423 0.020172 0.082065 0.009000 -0.011805 0.994798 -0.101182 7.062600 -0.083680 0.099852 0.991477 -0.984700 0.000000 0.000000 0.000000 1.000000</float_array><technique_common><accessor source="#Spine-Matrix-animation-output-transform-array" count="32" stride="16"><param type="float4x4"/></accessor></technique_common></source><source id="Spine-Interpolations"><Name_array id="Spine-Interpolations-array" count="32">
 LINEAR LINEAR LINEAR LINEAR LINEAR LINEAR LINEAR LINEAR LINEAR LINEAR LINEAR
LINEAR LINEAR LINEAR LINEAR LINEAR LINEAR LINEAR LINEAR LINEAR LINEAR LINEAR LINEAR
LINEAR LINEAR LINEAR LINEAR LINEAR LINEAR LINEAR LINEAR LINEAR</Name_array><technique_common><accessor source="#Spine-Interpolations-array" count="32"><param type="name"/></accessor></technique_common></source><sampler id="Spine-Matrix-animation-transform"><input semantic="INPUT" source="#Spine-Matrix-animation-input"/><input semantic="OUTPUT" source="#Spine-Matrix-animation-output-transform"/><input semantic="INTERPOLATION" source="#Spine-Interpolations"/></sampler><channel source="#Spine-Matrix-animation-transform" target="Spine/matrix"/></animation>
    <animation id="Spine1-anim" name="Spine1"><source id="Spine1-Matrix-animation-input"><float_array id="Spine1-Matrix-animation-input-array" count="32">

0.000000 0.033333 0.066667 0.100000 0.133333 0.166667 0.200000 0.233333 0.266667 0.300000 0.333333 0.366667 0.400000 0.433333 0.466667 0.500000
0.533333 0.566667 0.600000 0.633333 0.666667 0.700000 0.733333 0.766667 0.800000 0.833333 0.866667 0.900000 0.933333 0.966667 1.000000 1.033333</float_array><technique_common><accessor source="#Spine1-Matrix-animation-input-array" count="32"><param name="TIME" type="float"/></accessor></technique_common></source><source id="Spine1-Matrix-animation-output-transform"><float_array id="Spine1-Matrix-animation-output-transform-array" count="512">

0.986155 0.053132 0.157083 0.012400 -0.020481 0.979053 -0.202574 8.239700 -0.164555 0.196552 0.966586 -1.148800 0.000000 0.000000 0.000000 1.000000
0.986067 0.049853 0.158704 0.012400 -0.017715 0.980082 -0.197800 8.239700 -0.165403 0.192232 0.967310 -1.148800 0.000000 0.000000 0.000000 1.000000
0.985928 0.046166 0.160667 0.012400 -0.014387 0.980978 -0.193586 8.239700 -0.166548 0.188551 0.967838 -1.148800 0.000000 0.000000 0.000000 1.000000
0.985744 0.042170 0.162880 0.012400 -0.010495 0.981607 -0.190626 8.239700 -0.167923 0.186199 0.968056 -1.148800 0.000000 0.000000 0.000000 1.000000
0.985555 0.038553 0.164912 0.012400 -0.006758 0.981922 -0.189167 8.239700 -0.169223 0.185320 0.967998 -1.148800 0.000000 0.000000 0.000000 1.000000
0.985425 0.036242 0.166208 0.012400 -0.004287 0.982022 -0.188716 8.239700 -0.170059 0.185252 0.967864 -1.148800 0.000000 0.000000 0.000000 1.000000
0.985390 0.035670 0.166538 0.012400 -0.003696 0.982071 -0.188477 8.239700 -0.170275 0.185107 0.967854 -1.148800 0.000000 0.000000 0.000000 1.000000
0.985425 0.036626 0.166122 0.012400 -0.004815 0.982162 -0.187977 8.239700 -0.170043 0.184437 0.968023 -1.148800 0.000000 0.000000 0.000000 1.000000
0.985477 0.038705 0.165336 0.012400 -0.007143 0.982262 -0.187375 8.239700 -0.169656 0.183473 0.968274 -1.148800 0.000000 0.000000 0.000000 1.000000
0.985511 0.041773 0.164385 0.012400 -0.010429 0.982286 -0.187098 8.239700 -0.169288 0.182673 0.968490 -1.148800 0.000000 0.000000 0.000000 1.000000
0.985513 0.045959 0.163255 0.012400 -0.014799 0.982215 -0.187174 8.239700 -0.168954 0.182046 0.968666 -1.148800 0.000000 0.000000 0.000000 1.000000
0.985467 0.051265 0.161944 0.012400 -0.020323 0.982107 -0.187223 8.239700 -0.168645 0.181211 0.968876 -1.148800 0.000000 0.000000 0.000000 1.000000
0.985358 0.057273 0.160591 0.012400 -0.026578 0.981975 -0.187131 8.239700 -0.168414 0.180123 0.969119 -1.148800 0.000000 0.000000 0.000000 1.000000
0.985193 0.063231 0.159365 0.012400 -0.032694 0.981738 -0.187406 8.239700 -0.168304 0.179421 0.969269 -1.148800 0.000000 0.000000 0.000000 1.000000
0.985023 0.068329 0.158308 0.012400 -0.037747 0.981311 -0.188688 8.239700 -0.168242 0.179887 0.969193 -1.148800 0.000000 0.000000 0.000000 1.000000
0.984920 0.071935 0.157350 0.012400 -0.041100 0.980713 -0.191083 8.239700 -0.168060 0.181735 0.968880 -1.148800 0.000000 0.000000 0.000000 1.000000
0.984928 0.073769 0.156448 0.012400 -0.042567 0.980051 -0.194134 8.239700 -0.167648 0.184549 0.968419 -1.148800 0.000000 0.000000 0.000000 1.000000
0.985036 0.074038 0.155633 0.012400 -0.042442 0.979422 -0.197308 8.239700 -0.167038 0.187750 0.967909 -1.148800 0.000000 0.000000 0.000000 1.000000
0.985196 0.073413 0.154920 0.012400 -0.041433 0.978845 -0.200366 8.239700 -0.166352 0.190981 0.967395 -1.148800 0.000000 0.000000 0.000000 1.000000
0.985353 0.072740 0.154236 0.012400 -0.040382 0.978266 -0.203382 8.239700 -0.165678 0.194174 0.966875 -1.148800 0.000000 0.000000 0.000000 1.000000
0.985480 0.072586 0.153493 0.012400 -0.039831 0.977619 -0.206580 8.239700 -0.165053 0.197467 0.966315 -1.148800 0.000000 0.000000 0.000000 1.000000
0.985571 0.072918 0.152753 0.012400 -0.039715 0.976878 -0.210078 8.239700 -0.164539 0.200980 0.965678 -1.148800 0.000000 0.000000 0.000000 1.000000
0.985631 0.073139 0.152256 0.012400 -0.039445 0.976135 -0.213554 8.239700 -0.164242 0.204480 0.964994 -1.148800 0.000000 0.000000 0.000000 1.000000
0.985678 0.072498 0.152257 0.012400 -0.038362 0.975598 -0.216188 8.239700 -0.164214 0.207251 0.964407 -1.148800 0.000000 0.000000 0.000000 1.000000
0.985732 0.070605 0.152798 0.012400 -0.036208 0.975465 -0.217156 8.239700 -0.164381 0.208525 0.964104 -1.148800 0.000000 0.000000 0.000000 1.000000
0.985800 0.067712 0.153664 0.012400 -0.033294 0.975743 -0.216374 8.239700 -0.164587 0.208186 0.964142 -1.148800 0.000000 0.000000 0.000000 1.000000
0.985876 0.064560 0.154534 0.012400 -0.030281 0.976220 -0.214657 8.239700 -0.164717 0.206946 0.964387 -1.148800 0.000000 0.000000 0.000000 1.000000
0.985947 0.061840 0.155191 0.012400 -0.027738 0.976668 -0.212958 8.239700 -0.164739 0.205660 0.964658 -1.148800 0.000000 0.000000 0.000000 1.000000
0.986011 0.059709 0.155621 0.012400 -0.025791 0.977046 -0.211462 8.239700 -0.164676 0.204490 0.964917 -1.148800 0.000000 0.000000 0.000000 1.000000
0.986069 0.057795 0.155976 0.012400 -0.024146 0.977499 -0.209552 8.239700 -0.164578 0.202866 0.965277 -1.148800 0.000000 0.000000 0.000000 1.000000
0.986120 0.055660 0.156429 0.012400 -0.022434 0.978164 -0.206622 8.239700 -0.164514 0.200244 0.965835 -1.148800 0.000000 0.000000 0.000000 1.000000
0.986155 0.053132 0.157083 0.012400 -0.020481 0.979053 -0.202574 8.239700 -0.164556 0.196552 0.966586 -1.148800 0.000000 0.000000 0.000000 1.000000</float_array><technique_common><accessor source="#Spine1-Matrix-animation-output-transform-array" count="32" stride="16"><param type="float4x4"/></accessor></technique_common></source><source id="Spine1-Interpolations"><Name_array id="Spine1-Interpolations-array" count="32">
 LINEAR LINEAR LINEAR LINEAR LINEAR LINEAR LINEAR LINEAR LINEAR LINEAR LINEAR
LINEAR LINEAR LINEAR LINEAR LINEAR LINEAR LINEAR LINEAR LINEAR LINEAR LINEAR LINEAR
LINEAR LINEAR LINEAR LINEAR LINEAR LINEAR LINEAR LINEAR LINEAR</Name_array><technique_common><accessor source="#Spine1-Interpolations-array" count="32"><param type="name"/></accessor></technique_common></source><sampler id="Spine1-Matrix-animation-transform"><input semantic="INPUT" source="#Spine1-Matrix-animation-input"/><input semantic="OUTPUT" source="#Spine1-Matrix-animation-output-transform"/><input semantic="INTERPOLATION" source="#Spine1-Interpolations"/></sampler><channel source="#Spine1-Matrix-animation-transform" target="Spine1/matrix"/></animation>
    <animation id="Spine2-anim" name="Spine2"><source id="Spine2-Matrix-animation-input"><float_array id="Spine2-Matrix-animation-input-array" count="32">

0.000000 0.033333 0.066667 0.100000 0.133333 0.166667 0.200000 0.233333 0.266667 0.300000 0.333333 0.366667 0.400000 0.433333 0.466667 0.500000
0.533333 0.566667 0.600000 0.633333 0.666667 0.700000 0.733333 0.766667 0.800000 0.833333 0.866667 0.900000 0.933333 0.966667 1.000000 1.033333</float_array><technique_common><accessor source="#Spine2-Matrix-animation-input-array" count="32"><param name="TIME" type="float"/></accessor></technique_common></source><source id="Spine2-Matrix-animation-output-transform"><float_array id="Spine2-Matrix-animation-output-transform-array" count="512">

0.986155 0.053132 0.157083 0.014200 -0.020481 0.979053 -0.202574 9.416800 -0.164556 0.196552 0.966586 -1.313000 0.000000 0.000000 0.000000 1.000000
0.986067 0.049853 0.158704 0.014200 -0.017715 0.980082 -0.197800 9.416800 -0.165404 0.192232 0.967310 -1.313000 0.000000 0.000000 0.000000 1.000000
0.985928 0.046166 0.160667 0.014200 -0.014387 0.980978 -0.193586 9.416800 -0.166548 0.188551 0.967838 -1.313000 0.000000 0.000000 0.000000 1.000000
0.985744 0.042170 0.162880 0.014200 -0.010495 0.981607 -0.190626 9.416800 -0.167923 0.186199 0.968056 -1.313000 0.000000 0.000000 0.000000 1.000000
0.985555 0.038553 0.164912 0.014200 -0.006758 0.981922 -0.189167 9.416800 -0.169223 0.185320 0.967998 -1.313000 0.000000 0.000000 0.000000 1.000000
0.985425 0.036242 0.166208 0.014200 -0.004287 0.982022 -0.188715 9.416800 -0.170059 0.185252 0.967864 -1.313000 0.000000 0.000000 0.000000 1.000000
0.985390 0.035670 0.166538 0.014200 -0.003696 0.982071 -0.188477 9.416800 -0.170275 0.185107 0.967854 -1.313000 0.000000 0.000000 0.000000 1.000000
0.985425 0.036626 0.166122 0.014200 -0.004815 0.982162 -0.187977 9.416800 -0.170043 0.184437 0.968023 -1.313000 0.000000 0.000000 0.000000 1.000000
0.985477 0.038705 0.165336 0.014200 -0.007143 0.982262 -0.187375 9.416800 -0.169656 0.183473 0.968274 -1.313000 0.000000 0.000000 0.000000 1.000000
0.985511 0.041773 0.164384 0.014200 -0.010428 0.982286 -0.187098 9.416800 -0.169288 0.182673 0.968490 -1.313000 0.000000 0.000000 0.000000 1.000000
0.985513 0.045959 0.163255 0.014200 -0.014799 0.982215 -0.187174 9.416800 -0.168954 0.182047 0.968666 -1.313000 0.000000 0.000000 0.000000 1.000000
0.985467 0.051265 0.161944 0.014200 -0.020323 0.982107 -0.187224 9.416800 -0.168645 0.181211 0.968876 -1.313000 0.000000 0.000000 0.000000 1.000000
0.985358 0.057273 0.160591 0.014200 -0.026578 0.981975 -0.187131 9.416800 -0.168414 0.180123 0.969119 -1.313000 0.000000 0.000000 0.000000 1.000000
0.985193 0.063231 0.159365 0.014200 -0.032694 0.981738 -0.187406 9.416800 -0.168305 0.179420 0.969269 -1.313000 0.000000 0.000000 0.000000 1.000000
0.985023 0.068329 0.158308 0.014200 -0.037747 0.981311 -0.188689 9.416800 -0.168242 0.179887 0.969193 -1.313000 0.000000 0.000000 0.000000 1.000000
0.984920 0.071935 0.157349 0.014200 -0.041101 0.980713 -0.191083 9.416800 -0.168060 0.181735 0.968880 -1.313000 0.000000 0.000000 0.000000 1.000000
0.984928 0.073768 0.156447 0.014200 -0.042567 0.980051 -0.194134 9.416800 -0.167647 0.184549 0.968419 -1.313000 0.000000 0.000000 0.000000 1.000000
0.985037 0.074038 0.155633 0.014200 -0.042442 0.979422 -0.197308 9.416800 -0.167038 0.187750 0.967909 -1.313000 0.000000 0.000000 0.000000 1.000000
0.985196 0.073413 0.154920 0.014200 -0.041433 0.978845 -0.200366 9.416800 -0.166352 0.190981 0.967395 -1.313000 0.000000 0.000000 0.000000 1.000000
0.985353 0.072740 0.154236 0.014200 -0.040381 0.978266 -0.203382 9.416800 -0.165678 0.194174 0.966875 -1.313000 0.000000 0.000000 0.000000 1.000000
0.985480 0.072586 0.153494 0.014200 -0.039831 0.977619 -0.206581 9.416800 -0.165053 0.197467 0.966315 -1.313000 0.000000 0.000000 0.000000 1.000000
0.985571 0.072918 0.152753 0.014200 -0.039715 0.976878 -0.210078 9.416800 -0.164539 0.200980 0.965678 -1.313000 0.000000 0.000000 0.000000 1.000000
0.985631 0.073139 0.152257 0.014200 -0.039445 0.976135 -0.213554 9.416800 -0.164242 0.204480 0.964994 -1.313000 0.000000 0.000000 0.000000 1.000000
0.985678 0.072498 0.152257 0.014200 -0.038362 0.975598 -0.216188 9.416800 -0.164215 0.207251 0.964407 -1.313000 0.000000 0.000000 0.000000 1.000000
0.985732 0.070605 0.152798 0.014200 -0.036208 0.975465 -0.217156 9.416800 -0.164381 0.208525 0.964104 -1.313000 0.000000 0.000000 0.000000 1.000000
0.985800 0.067712 0.153664 0.014200 -0.033294 0.975743 -0.216374 9.416800 -0.164588 0.208186 0.964142 -1.313000 0.000000 0.000000 0.000000 1.000000
0.985876 0.064560 0.154534 0.014200 -0.030281 0.976220 -0.214657 9.416800 -0.164717 0.206946 0.964387 -1.313000 0.000000 0.000000 0.000000 1.000000
0.985947 0.061840 0.155191 0.014200 -0.027738 0.976668 -0.212957 9.416800 -0.164739 0.205660 0.964658 -1.313000 0.000000 0.000000 0.000000 1.000000
0.986011 0.059709 0.155621 0.014200 -0.025791 0.977046 -0.211462 9.416800 -0.164676 0.204490 0.964917 -1.313000 0.000000 0.000000 0.000000 1.000000
0.986068 0.057795 0.155976 0.014200 -0.024146 0.977499 -0.209552 9.416800 -0.164578 0.202866 0.965277 -1.313000 0.000000 0.000000 0.000000 1.000000
0.986120 0.055660 0.156430 0.014200 -0.022434 0.978164 -0.206622 9.416800 -0.164514 0.200245 0.965835 -1.313000 0.000000 0.000000 0.000000 1.000000
0.986155 0.053132 0.157083 0.014200 -0.020481 0.979053 -0.202574 9.416800 -0.164556 0.196552 0.966586 -1.313000 0.000000 0.000000 0.000000 1.000000</float_array><technique_common><accessor source="#Spine2-Matrix-animation-output-transform-array" count="32" stride="16"><param type="float4x4"/></accessor></technique_common></source><source id="Spine2-Interpolations"><Name_array id="Spine2-Interpolations-array" count="32">
 LINEAR LINEAR LINEAR LINEAR LINEAR LINEAR LINEAR LINEAR LINEAR LINEAR LINEAR
LINEAR LINEAR LINEAR LINEAR LINEAR LINEAR LINEAR LINEAR LINEAR LINEAR LINEAR LINEAR
LINEAR LINEAR LINEAR LINEAR LINEAR LINEAR LINEAR LINEAR LINEAR</Name_array><technique_common><accessor source="#Spine2-Interpolations-array" count="32"><param type="name"/></accessor></technique_common></source><sampler id="Spine2-Matrix-animation-transform"><input semantic="INPUT" source="#Spine2-Matrix-animation-input"/><input semantic="OUTPUT" source="#Spine2-Matrix-animation-output-transform"/><input semantic="INTERPOLATION" source="#Spine2-Interpolations"/></sampler><channel source="#Spine2-Matrix-animation-transform" target="Spine2/matrix"/></animation>
    <animation id="Neck-anim" name="Neck"><source id="Neck-Matrix-animation-input"><float_array id="Neck-Matrix-animation-input-array" count="32">

0.000000 0.033333 0.066667 0.100000 0.133333 0.166667 0.200000 0.233333 0.266667 0.300000 0.333333 0.366667 0.400000 0.433333 0.466667 0.500000
0.533333 0.566667 0.600000 0.633333 0.666667 0.700000 0.733333 0.766667 0.800000 0.833333 0.866667 0.900000 0.933333 0.966667 1.000000 1.033333</float_array><technique_common><accessor source="#Neck-Matrix-animation-input-array" count="32"><param name="TIME" type="float"/></accessor></technique_common></source><source id="Neck-Matrix-animation-output-transform"><float_array id="Neck-Matrix-animation-output-transform-array" count="512">

0.999747 -0.003600 -0.022215 0.016000 0.005257 0.997169 0.075014 10.593800 0.021882 -0.075112 0.996935 -1.477100 0.000000 0.000000 0.000000 1.000000
0.999966 0.003323 -0.007564 0.016000 -0.002672 0.996421 0.084490 10.593800 0.007818 -0.084467 0.996396 -1.477100 0.000000 0.000000 0.000000 1.000000
0.999866 0.015983 0.003656 0.016000 -0.016274 0.994572 0.102772 10.593800 -0.001994 -0.102817 0.994698 -1.477100 0.000000 0.000000 0.000000 1.000000
0.999323 0.035086 0.011087 0.016000 -0.036215 0.991180 0.127475 10.593800 -0.006517 -0.127790 0.991780 -1.477100 0.000000 0.000000 0.000000 1.000000
0.998232 0.057737 0.014149 0.016000 -0.059215 0.986725 0.151219 10.593800 -0.005230 -0.151789 0.988399 -1.477100 0.000000 0.000000 0.000000 1.000000
0.996870 0.078140 0.012057 0.016000 -0.079058 0.983184 0.164620 10.593800 0.001010 -0.165058 0.986283 -1.477100 0.000000 0.000000 0.000000 1.000000
0.995787 0.091582 0.004561 0.016000 -0.091097 0.982396 0.163093 10.593800 0.010456 -0.162821 0.986600 -1.477100 0.000000 0.000000 0.000000 1.000000
0.995277 0.096815 -0.007126 0.016000 -0.094664 0.984182 0.149746 10.593800 0.021511 -0.148364 0.988699 -1.477100 0.000000 0.000000 0.000000 1.000000
0.995227 0.095358 -0.020731 0.016000 -0.091816 0.986978 0.132077 10.593800 0.033056 -0.129543 0.991023 -1.477100 0.000000 0.000000 0.000000 1.000000
0.995361 0.089959 -0.034121 0.016000 -0.085450 0.989544 0.116194 10.593800 0.044217 -0.112739 0.992640 -1.477100 0.000000 0.000000 0.000000 1.000000
0.995396 0.084146 -0.045894 0.016000 -0.078995 0.991396 0.104377 10.593800 0.054282 -0.100271 0.993478 -1.477100 0.000000 0.000000 0.000000 1.000000
0.995118 0.081806 -0.055207 0.016000 -0.076207 0.992376 0.096864 10.593800 0.062710 -0.092184 0.993765 -1.477100 0.000000 0.000000 0.000000 1.000000
0.994434 0.085518 -0.061540 0.016000 -0.079561 0.992437 0.093487 10.593800 0.069070 -0.088070 0.993717 -1.477100 0.000000 0.000000 0.000000 1.000000
0.993372 0.094984 -0.064737 0.016000 -0.088769 0.991709 0.092920 10.593800 0.073026 -0.086558 0.993567 -1.477100 0.000000 0.000000 0.000000 1.000000
0.992079 0.107407 -0.065134 0.016000 -0.101184 0.990577 0.092298 10.593800 0.074433 -0.084977 0.993599 -1.477100 0.000000 0.000000 0.000000 1.000000
0.990834 0.119120 -0.063701 0.016000 -0.113210 0.989532 0.089496 10.593800 0.073695 -0.081464 0.993948 -1.477100 0.000000 0.000000 0.000000 1.000000
0.990002 0.126692 -0.062011 0.016000 -0.121194 0.988932 0.085587 10.593800 0.072168 -0.077216 0.994399 -1.477100 0.000000 0.000000 0.000000 1.000000
0.989918 0.127482 -0.061729 0.016000 -0.122121 0.988955 0.083985 10.593800 0.071754 -0.075600 0.994553 -1.477100 0.000000 0.000000 0.000000 1.000000
0.990656 0.120512 -0.063851 0.016000 -0.114771 0.989572 0.087033 10.593800 0.073674 -0.078892 0.994157 -1.477100 0.000000 0.000000 0.000000 1.000000
0.991890 0.107192 -0.068293 0.016000 -0.100580 0.990494 0.093839 10.593800 0.077702 -0.086209 0.993242 -1.477100 0.000000 0.000000 0.000000 1.000000
0.993112 0.090783 -0.074070 0.016000 -0.083067 0.991379 0.101328 10.593800 0.082630 -0.094477 0.992092 -1.477100 0.000000 0.000000 0.000000 1.000000
0.994017 0.074751 -0.079646 0.016000 -0.066045 0.992082 0.106828 10.593800 0.087001 -0.100929 0.991082 -1.477100 0.000000 0.000000 0.000000 1.000000
0.994643 0.061347 -0.083201 0.016000 -0.052053 0.992611 0.109607 10.593800 0.089310 -0.104689 0.990487 -1.477100 0.000000 0.000000 0.000000 1.000000
0.995226 0.051106 -0.083141 0.016000 -0.041758 0.992995 0.110530 10.593800 0.088208 -0.106530 0.990389 -1.477100 0.000000 0.000000 0.000000 1.000000
0.995951 0.043016 -0.078932 0.016000 -0.034128 0.993269 0.110693 10.593800 0.083162 -0.107551 0.990715 -1.477100 0.000000 0.000000 0.000000 1.000000
0.996817 0.035227 -0.071515 0.016000 -0.027198 0.993527 0.110292 10.593800 0.074937 -0.107996 0.991323 -1.477100 0.000000 0.000000 0.000000 1.000000
0.997686 0.026369 -0.062670 0.016000 -0.019463 0.993922 0.108355 10.593800 0.065146 -0.106884 0.992135 -1.477100 0.000000 0.000000 0.000000 1.000000
0.998411 0.016770 -0.053805 0.016000 -0.011135 0.994580 0.103378 10.593800 0.055247 -0.102615 0.993186 -1.477100 0.000000 0.000000 0.000000 1.000000
0.998937 0.008230 -0.045356 0.016000 -0.003893 0.995481 0.094881 10.593800 0.045931 -0.094604 0.994455 -1.477100 0.000000 0.000000 0.000000 1.000000
0.999304 0.002274 -0.037234 0.016000 0.000896 0.996388 0.084909 10.593800 0.037293 -0.084883 0.995693 -1.477100 0.000000 0.000000 0.000000 1.000000
0.999565 -0.001234 -0.029452 0.016000 0.003507 0.997008 0.077222 10.593800 0.029269 -0.077292 0.996579 -1.477100 0.000000 0.000000 0.000000 1.000000
0.999747 -0.003600 -0.022215 0.016000 0.005257 0.997169 0.075013 10.593800 0.021882 -0.075111 0.996935 -1.477100 0.000000 0.000000 0.000000 1.000000</float_array><technique_common><accessor source="#Neck-Matrix-animation-output-transform-array" count="32" stride="16"><param type="float4x4"/></accessor></technique_common></source><source id="Neck-Interpolations"><Name_array id="Neck-Interpolations-array" count="32">
 LINEAR LINEAR LINEAR LINEAR LINEAR LINEAR LINEAR LINEAR LINEAR LINEAR LINEAR
LINEAR LINEAR LINEAR LINEAR LINEAR LINEAR LINEAR LINEAR LINEAR LINEAR LINEAR LINEAR
LINEAR LINEAR LINEAR LINEAR LINEAR LINEAR LINEAR LINEAR LINEAR</Name_array><technique_common><accessor source="#Neck-Interpolations-array" count="32"><param type="name"/></accessor></technique_common></source><sampler id="Neck-Matrix-animation-transform"><input semantic="INPUT" source="#Neck-Matrix-animation-input"/><input semantic="OUTPUT" source="#Neck-Matrix-animation-output-transform"/><input semantic="INTERPOLATION" source="#Neck-Interpolations"/></sampler><channel source="#Neck-Matrix-animation-transform" target="Neck/matrix"/></animation>
    <animation id="Head-anim" name="Head"><source id="Head-Matrix-animation-input"><float_array id="Head-Matrix-animation-input-array" count="32">

0.000000 0.033333 0.066667 0.100000 0.133333 0.166667 0.200000 0.233333 0.266667 0.300000 0.333333 0.366667 0.400000 0.433333 0.466667 0.500000
0.533333 0.566667 0.600000 0.633333 0.666667 0.700000 0.733333 0.766667 0.800000 0.833333 0.866667 0.900000 0.933333 0.966667 1.000000 1.033333</float_array><technique_common><accessor source="#Head-Matrix-animation-input-array" count="32"><param name="TIME" type="float"/></accessor></technique_common></source><source id="Head-Matrix-animation-output-transform"><float_array id="Head-Matrix-animation-output-transform-array" count="512">

0.937032 0.006168 0.349190 -0.000000 -0.044691 0.993742 0.102370 5.056400 -0.346373 -0.111530 0.931443 0.719600 0.000000 0.000000 0.000000 1.000000
0.938339 0.010309 0.345563 0.000000 -0.044000 0.994988 0.089794 5.056400 -0.342906 -0.099462 0.934089 0.719600 0.000000 0.000000 0.000000 1.000000
0.949579 0.014276 0.313202 0.000000 -0.038650 0.996673 0.071754 5.056400 -0.311136 -0.080242 0.946972 0.719600 0.000000 0.000000 0.000000 1.000000
0.966639 0.015349 0.255681 0.000000 -0.029696 0.998187 0.052346 5.056400 -0.254414 -0.058192 0.965343 0.719600 0.000000 0.000000 0.000000 1.000000
0.983717 0.015036 0.179096 -0.000000 -0.021731 0.999134 0.035476 5.056400 -0.178408 -0.038790 0.983192 0.719600 0.000000 0.000000 0.000000 1.000000
0.995619 0.018137 0.091728 0.000000 -0.020421 0.999503 0.024024 5.056400 -0.091247 -0.025792 0.995494 0.719600 0.000000 0.000000 0.000000 1.000000
0.999618 0.027611 0.001454 0.000000 -0.027633 0.999445 0.018594 5.056400 -0.000939 -0.018627 0.999826 0.719600 0.000000 0.000000 0.000000 1.000000
0.995468 0.042018 -0.085313 0.000000 -0.040695 0.999024 0.017192 5.056400 0.085952 -0.013642 0.996206 0.719600 0.000000 0.000000 0.000000 1.000000
0.984922 0.057601 -0.163125 0.000000 -0.055479 0.998306 0.017539 5.056400 0.163859 -0.008225 0.986449 0.719600 0.000000 0.000000 0.000000 1.000000
0.971260 0.071006 -0.227183 -0.000000 -0.068360 0.997470 0.019504 5.056400 0.227993 -0.003414 0.973657 0.719600 0.000000 0.000000 0.000000 1.000000
0.958542 0.079167 -0.273733 0.000000 -0.075537 0.996859 0.023794 5.056400 0.274757 -0.002130 0.961511 0.719600 0.000000 0.000000 0.000000 1.000000
0.950697 0.078400 -0.300048 0.000000 -0.073001 0.996905 0.029180 5.056400 0.301407 -0.005838 0.953478 0.719600 0.000000 0.000000 0.000000 1.000000
0.950562 0.065959 -0.303449 0.000000 -0.058100 0.997702 0.034866 5.056400 0.305051 -0.015512 0.952210 0.719600 0.000000 0.000000 0.000000 1.000000
0.956947 0.044749 -0.286791 0.000000 -0.033879 0.998511 0.042754 5.056400 0.288278 -0.031197 0.957039 0.719600 0.000000 0.000000 0.000000 1.000000
0.966793 0.021553 -0.254650 0.000000 -0.007337 0.998367 0.056645 5.056400 0.255455 -0.052896 0.965373 0.719600 0.000000 0.000000 0.000000 1.000000
0.977327 0.002598 -0.211721 -0.000000 0.014331 0.996820 0.078388 5.056400 0.211251 -0.079645 0.974182 0.719600 0.000000 0.000000 0.000000 1.000000
0.986395 -0.009023 -0.164147 0.000000 0.026387 0.994236 0.103913 5.056400 0.162264 -0.106831 0.980947 0.719600 0.000000 0.000000 0.000000 1.000000
0.992742 -0.013125 -0.119543 -0.000000 0.028204 0.991713 0.125336 5.056400 0.116907 -0.127798 0.984886 0.719600 0.000000 0.000000 0.000000 1.000000
0.996430 -0.011257 -0.083672 0.000000 0.022698 0.990301 0.137069 5.056400 0.081317 -0.138479 0.987021 0.719600 0.000000 0.000000 0.000000 1.000000
0.998837 -0.008696 -0.047421 0.000000 0.015383 0.989674 0.142512 5.056400 0.045692 -0.143076 0.988656 0.719600 0.000000 0.000000 0.000000 1.000000
0.999929 -0.006911 -0.009728 0.000000 0.008250 0.989378 0.145134 5.056400 0.008622 -0.145204 0.989364 0.719600 0.000000 0.000000 0.000000 1.000000
0.999570 -0.005873 0.028732 -0.000000 0.001592 0.989162 0.146823 5.056400 -0.029283 -0.146714 0.988745 0.719600 0.000000 0.000000 0.000000 1.000000
0.997687 -0.005492 0.067751 0.000000 -0.004543 0.989114 0.147084 5.056400 -0.067821 -0.147051 0.986801 0.719600 0.000000 0.000000 0.000000 1.000000
0.994199 -0.005889 0.107398 -0.000000 -0.009700 0.989522 0.144053 5.056400 -0.107121 -0.144259 0.983725 0.719600 0.000000 0.000000 0.000000 1.000000
0.989017 -0.006886 0.147640 -0.000000 -0.013532 0.990500 0.136845 5.056400 -0.147180 -0.137340 0.979528 0.719600 0.000000 0.000000 0.000000 1.000000
0.982142 -0.007513 0.187989 0.000000 -0.016727 0.991759 0.127023 5.056400 -0.187395 -0.127899 0.973922 0.719600 0.000000 0.000000 0.000000 1.000000
0.973791 -0.006449 0.227353 0.000000 -0.020940 0.992810 0.117852 5.056400 -0.226478 -0.119524 0.966655 0.719600 0.000000 0.000000 0.000000 1.000000
0.964496 -0.003200 0.264076 0.000000 -0.027398 0.993319 0.112103 5.056400 -0.262671 -0.115358 0.957965 0.719600 0.000000 0.000000 0.000000 1.000000
0.955132 0.001222 0.296179 -0.000000 -0.035445 0.993277 0.110205 5.056400 -0.294053 -0.115758 0.948753 0.719600 0.000000 0.000000 0.000000 1.000000
0.946807 0.004909 0.321765 -0.000000 -0.042507 0.993030 0.109929 5.056400 -0.318983 -0.117759 0.940416 0.719600 0.000000 0.000000 0.000000 1.000000
0.940545 0.006573 0.339607 0.000000 -0.045966 0.993079 0.108083 5.056400 -0.336546 -0.117267 0.934337 0.719600 0.000000 0.000000 0.000000 1.000000
0.937032 0.006168 0.349190 0.000000 -0.044691 0.993742 0.102371 5.056400 -0.346373 -0.111530 0.931443 0.719600 0.000000 0.000000 0.000000 1.000000</float_array><technique_common><accessor source="#Head-Matrix-animation-output-transform-array" count="32" stride="16"><param type="float4x4"/></accessor></technique_common></source><source id="Head-Interpolations"><Name_array id="Head-Interpolations-array" count="32">
 LINEAR LINEAR LINEAR LINEAR LINEAR LINEAR LINEAR LINEAR LINEAR LINEAR LINEAR
LINEAR LINEAR LINEAR LINEAR LINEAR LINEAR LINEAR LINEAR LINEAR LINEAR LINEAR LINEAR
LINEAR LINEAR LINEAR LINEAR LINEAR LINEAR LINEAR LINEAR LINEAR</Name_array><technique_common><accessor source="#Head-Interpolations-array" count="32"><param type="name"/></accessor></technique_common></source><sampler id="Head-Matrix-animation-transform"><input semantic="INPUT" source="#Head-Matrix-animation-input"/><input semantic="OUTPUT" source="#Head-Matrix-animation-output-transform"/><input semantic="INTERPOLATION" source="#Head-Interpolations"/></sampler><channel source="#Head-Matrix-animation-transform" target="Head/matrix"/></animation>
    <animation id="LeftShoulder-anim" name="LeftShoulder"><source id="LeftShoulder-Matrix-animation-input"><float_array id="LeftShoulder-Matrix-animation-input-array" count="32">

0.000000 0.033333 0.066667 0.100000 0.133333 0.166667 0.200000 0.233333 0.266667 0.300000 0.333333 0.366667 0.400000 0.433333 0.466667 0.500000
