<?xml version="1.0" encoding="utf-8"?>
<COLLADA xmlns="http://www.collada.org/2005/11/COLLADASchema" version="1.4.1">
  <asset><contributor><author>Mixamo</author><authoring_tool>COLLADA Mixamo exporter</authoring_tool><comments></comments></contributor><created>2018-10-29T23:01:17Z</created><modified>2018-10-29T23:01:17Z</modified><revision></revision><title></title><unit meter="0.010000"/><up_axis>Y_UP</up_axis></asset>
  <library_animations>
    <animation id="Hips-anim" name="Hips"><source id="Hips-Matrix-animation-input"><float_array id="Hips-Matrix-animation-input-array" count="28">

0.000000 0.033333 0.066667 0.100000 0.133333 0.166667 0.200000 0.233333 0.266667 0.300000 0.333333 0.366667 0.400000 0.433333 0.466667 0.500000
0.533333 0.566667 0.600000 0.633333 0.666667 0.700000 0.733333 0.766667 0.800000 0.833333 0.866667 0.900000</float_array><technique_common><accessor source="#Hips-Matrix-animation-input-array" count="28"><param name="TIME" type="float"/></accessor></technique_common></source><source id="Hips-Matrix-animation-output-transform"><float_array id="Hips-Matrix-animation-output-transform-array" count="448">

0.965674 -0.176334 -0.190737 0.389536 0.154793 0.980311 -0.122591 70.893867 0.208598 0.088858 0.973956 0.547671 0.000000 0.000000 0.000000 1.000000
0.935693 -0.228639 -0.268705 0.407756 0.186204 0.966920 -0.174340 73.505249 0.299677 0.113095 0.947314 10.300708 0.000000 0.000000 0.000000 1.000000
0.914110 -0.274963 -0.297990 0.152211 0.214754 0.951708 -0.219392 75.900131 0.343925 0.136553 0.929015 19.755526 0.000000 0.000000 0.000000 1.000000
0.906355 -0.303562 -0.293889 -0.496905 0.236815 0.941021 -0.241657 78.111237 0.349914 0.149430 0.924787 28.958054 0.000000 0.000000 0.000000 1.000000
0.910398 -0.304107 -0.280525 -1.531634 0.244440 0.942399 -0.228329 79.904793 0.333802 0.139299 0.932294 38.069378 0.000000 0.000000 0.000000 1.000000
0.917291 -0.286475 -0.276605 -2.649392 0.241295 0.952419 -0.186211 80.526825 0.316788 0.104066 0.942770 46.912617 0.000000 0.000000 0.000000 1.000000
0.922593 -0.263572 -0.281694 -3.653676 0.231253 0.962323 -0.143024 79.812508 0.308778 0.066810 0.948785 55.628124 0.000000 0.000000 0.000000 1.000000
0.924201 -0.251607 -0.287310 -4.472281 0.224817 0.966571 -0.123280 78.079071 0.308724 0.049344 0.949871 64.318619 0.000000 0.000000 0.000000 1.000000
0.919497 -0.264058 -0.291202 -5.124851 0.237224 0.963435 -0.124572 75.820572 0.313448 0.045463 0.948516 72.684036 0.000000 0.000000 0.000000 1.000000
0.911102 -0.289619 -0.293281 -5.566254 0.262869 0.956334 -0.127769 72.941788 0.317479 0.039316 0.947450 80.519394 0.000000 0.000000 0.000000 1.000000
0.907027 -0.311200 -0.283650 -6.182745 0.288309 0.949951 -0.120292 70.108917 0.306888 0.027329 0.951353 87.710709 0.000000 0.000000 0.000000 1.000000
0.914653 -0.312581 -0.256326 -7.563891 0.295721 0.949714 -0.102918 68.211807 0.275607 0.018333 0.961096 94.880356 0.000000 0.000000 0.000000 1.000000
0.930055 -0.289543 -0.226189 -10.045349 0.277533 0.957043 -0.083932 67.863724 0.240775 0.015286 0.970461 102.943092 0.000000 0.000000 0.000000 1.000000
0.941460 -0.249649 -0.226559 -13.636333 0.239487 0.968245 -0.071743 69.036095 0.237276 0.013285 0.971352 112.014732 0.000000 0.000000 0.000000 1.000000
0.939559 -0.205561 -0.273814 -17.878134 0.193229 0.978539 -0.071579 70.900200 0.282652 0.014344 0.959115 121.457565 0.000000 0.000000 0.000000 1.000000
0.920808 -0.179603 -0.346202 -22.363646 0.158619 0.983386 -0.088276 73.033600 0.356305 0.026371 0.933997 130.619141 0.000000 0.000000 0.000000 1.000000
0.895016 -0.177854 -0.409041 -26.889168 0.141389 0.982896 -0.117999 75.274651 0.423031 0.047777 0.904855 139.283508 0.000000 0.000000 0.000000 1.000000
0.872126 -0.191441 -0.450274 -31.726728 0.143399 0.979874 -0.138863 77.681602 0.467796 0.056537 0.882026 147.996063 0.000000 0.000000 0.000000 1.000000
0.854975 -0.195654 -0.480351 -36.780060 0.149900 0.979812 -0.132285 79.595566 0.496536 0.041096 0.867043 156.811874 0.000000 0.000000 0.000000 1.000000
0.842206 -0.181291 -0.507762 -41.575878 0.148081 0.983335 -0.105472 80.264404 0.518421 0.013639 0.855017 165.211380 0.000000 0.000000 0.000000 1.000000
0.828754 -0.174146 -0.531826 -46.178150 0.156749 0.984544 -0.078122 79.211761 0.537211 -0.018619 0.843242 173.695969 0.000000 0.000000 0.000000 1.000000
0.816323 -0.176702 -0.549902 -50.664047 0.171920 0.983237 -0.060734 77.083603 0.551416 -0.044961 0.833018 182.065125 0.000000 0.000000 0.000000 1.000000
0.808396 -0.178085 -0.561054 -54.846809 0.178932 0.982378 -0.054004 74.258133 0.560784 -0.056733 0.826016 189.857803 0.000000 0.000000 0.000000 1.000000
0.798192 -0.167843 -0.578548 -58.622440 0.165530 0.984542 -0.057253 70.978043 0.579214 -0.050068 0.813636 197.067795 0.000000 0.000000 0.000000 1.000000
0.771060 -0.146496 -0.619682 -62.327461 0.135258 0.988648 -0.065422 68.521317 0.622231 -0.033372 0.782122 203.864456 0.000000 0.000000 0.000000 1.000000
0.718400 -0.134304 -0.682542 -66.744598 0.115164 0.990608 -0.073707 67.677383 0.686031 -0.025653 0.727120 210.818893 0.000000 0.000000 0.000000 1.000000
0.646180 -0.149217 -0.748456 -72.403793 0.123887 0.988201 -0.090055 68.541992 0.753063 -0.034532 0.657042 218.223114 0.000000 0.000000 0.000000 1.000000
0.572306 -0.190123 -0.797696 -79.284683 0.154793 0.980311 -0.122591 70.893875 0.805298 -0.053318 0.590468 225.795074 0.000000 0.000000 0.000000 1.000000</float_array><technique_common><accessor source="#Hips-Matrix-animation-output-transform-array" count="28" stride="16"><param type="float4x4"/></accessor></technique_common></source><source id="Hips-Interpolations"><Name_array id="Hips-Interpolations-array" count="28">
 LINEAR LINEAR LINEAR LINEAR LINEAR LINEAR LINEAR LINEAR LINEAR LINEAR LINEAR
LINEAR LINEAR LINEAR LINEAR LINEAR LINEAR LINEAR LINEAR LINEAR LINEAR LINEAR LINEAR
LINEAR LINEAR LINEAR LINEAR LINEAR</Name_array><technique_common><accessor source="#Hips-Interpolations-array" count="28"><param type="name"/></accessor></technique_common></source><sampler id="Hips-Matrix-animation-transform"><input semantic="INPUT" source="#Hips-Matrix-animation-input"/><input semantic="OUTPUT" source="#Hips-Matrix-animation-output-transform"/><input semantic="INTERPOLATION" source="#Hips-Interpolations"/></sampler><channel source="#Hips-Matrix-animation-transform" target="Hips/matrix"/></animation>
    <animation id="Spine-anim" name="Spine"><source id="Spine-Matrix-animation-input"><float_array id="Spine-Matrix-animation-input-array" count="28">

0.000000 0.033333 0.066667 0.100000 0.133333 0.166667 0.200000 0.233333 0.266667 0.300000 0.333333 0.366667 0.400000 0.433333 0.466667 0.500000
0.533333 0.566667 0.600000 0.633333 0.666667 0.700000 0.733333 0.766667 0.800000 0.833333 0.866667 0.900000</float_array><technique_common><accessor source="#Spine-Matrix-animation-input-array" count="28"><param name="TIME" type="float"/></accessor></technique_common></source><source id="Spine-Matrix-animation-output-transform"><float_array id="Spine-Matrix-animation-output-transform-array" count="448">

0.999657 -0.017997 0.019032 0.009000 0.021277 0.981697 -0.189259 7.062600 -0.015278 0.189599 0.981743 -0.984700 0.000000 0.000000 0.000000 1.000000
0.990609 0.038136 0.131298 0.009000 -0.017572 0.987860 -0.154348 7.062600 -0.135590 0.150591 0.979254 -0.984700 0.000000 0.000000 0.000000 1.000000
0.977119 0.081599 0.196419 0.009000 -0.055578 0.989350 -0.134529 7.062600 -0.205305 0.120534 0.971247 -0.984700 0.000000 0.000000 0.000000 1.000000
0.971144 0.106915 0.213187 0.009000 -0.082330 0.989225 -0.121065 7.062600 -0.223834 0.100020 0.969482 -0.984700 0.000000 0.000000 0.000000 1.000000
0.974820 0.110556 0.193657 0.009000 -0.088926 0.989136 -0.117057 7.062600 -0.204494 0.096888 0.974061 -0.984700 0.000000 0.000000 0.000000 1.000000
0.981955 0.104914 0.157343 0.009000 -0.084900 0.988012 -0.128938 7.062600 -0.168984 0.113252 0.979091 -0.984700 0.000000 0.000000 0.000000 1.000000
0.987954 0.096474 0.120995 0.009000 -0.078869 0.986621 -0.142685 7.062600 -0.133141 0.131424 0.982345 -0.984700 0.000000 0.000000 0.000000 1.000000
0.991244 0.093761 0.092974 0.009000 -0.080156 0.986818 -0.140589 7.062600 -0.104930 0.131905 0.985693 -0.984700 0.000000 0.000000 0.000000 1.000000
0.991625 0.109826 0.067961 0.009000 -0.100222 0.986245 -0.131439 7.062600 -0.081461 0.123527 0.988992 -0.984700 0.000000 0.000000 0.000000 1.000000
0.990113 0.136690 0.031498 0.009000 -0.131082 0.981558 -0.139147 7.062600 -0.049937 0.133643 0.989771 -0.984700 0.000000 0.000000 0.000000 1.000000
0.987164 0.156841 -0.030146 0.009000 -0.159682 0.972887 -0.167308 7.062600 0.003088 0.169974 0.985444 -0.984700 0.000000 0.000000 0.000000 1.000000
0.982339 0.149496 -0.112522 0.009000 -0.169288 0.966253 -0.194157 7.062600 0.079699 0.209777 0.974496 -0.984700 0.000000 0.000000 0.000000 1.000000
0.973911 0.109652 -0.198679 0.009000 -0.150605 0.967224 -0.204440 7.062600 0.169750 0.229028 0.958505 -0.984700 0.000000 0.000000 0.000000 1.000000
0.961881 0.051012 -0.268669 0.009000 -0.109225 0.972347 -0.206425 7.062600 0.250709 0.227902 0.940854 -0.984700 0.000000 0.000000 0.000000 1.000000
0.949917 -0.009939 -0.312345 0.009000 -0.060048 0.975063 -0.213650 7.062600 0.306680 0.221705 0.925632 -0.984700 0.000000 0.000000 0.000000 1.000000
0.940375 -0.053229 -0.335948 0.009000 -0.022805 0.975590 -0.218412 7.062600 0.339374 0.213050 0.916207 -0.984700 0.000000 0.000000 0.000000 1.000000
0.934518 -0.073023 -0.348343 0.009000 0.000491 0.978990 -0.203909 7.062600 0.355915 0.190386 0.914920 -0.984700 0.000000 0.000000 0.000000 1.000000
0.933601 -0.070148 -0.351382 0.009000 0.010240 0.985472 -0.169528 7.062600 0.358169 0.154673 0.920756 -0.984700 0.000000 0.000000 0.000000 1.000000
0.937852 -0.063562 -0.341165 0.009000 0.016211 0.990035 -0.139888 7.062600 0.346656 0.125663 0.929537 -0.984700 0.000000 0.000000 0.000000 1.000000
0.944290 -0.067823 -0.322050 0.009000 0.026707 0.991100 -0.130416 7.062600 0.328029 0.114549 0.937697 -0.984700 0.000000 0.000000 0.000000 1.000000
0.950782 -0.063496 -0.303284 0.009000 0.026352 0.991802 -0.125035 7.062600 0.308737 0.110889 0.944661 -0.984700 0.000000 0.000000 0.000000 1.000000
0.957176 -0.053424 -0.284535 0.009000 0.020761 0.992962 -0.116597 7.062600 0.288761 0.105696 0.951549 -0.984700 0.000000 0.000000 0.000000 1.000000
0.962629 -0.051067 -0.265965 0.009000 0.020302 0.992905 -0.117161 7.062600 0.270061 0.107383 0.956836 -0.984700 0.000000 0.000000 0.000000 1.000000
0.967777 -0.065289 -0.243197 0.009000 0.031079 0.989388 -0.141938 7.062600 0.249883 0.129806 0.959536 -0.984700 0.000000 0.000000 0.000000 1.000000
0.974123 -0.089174 -0.207684 0.009000 0.050206 0.981294 -0.185853 7.062600 0.220372 0.170617 0.960378 -0.984700 0.000000 0.000000 0.000000 1.000000
0.983373 -0.096749 -0.153680 0.009000 0.061550 0.973744 -0.219168 7.062600 0.170849 0.206065 0.963508 -0.984700 0.000000 0.000000 0.000000 1.000000
0.994484 -0.071212 -0.077010 0.009000 0.052792 0.974257 -0.219171 7.062600 0.090636 0.213897 0.972642 -0.984700 0.000000 0.000000 0.000000 1.000000
0.999657 -0.017998 0.019032 0.009000 0.021277 0.981697 -0.189259 7.062600 -0.015277 0.189599 0.981743 -0.984700 0.000000 0.000000 0.000000 1.000000</float_array><technique_common><accessor source="#Spine-Matrix-animation-output-transform-array" count="28" stride="16"><param type="float4x4"/></accessor></technique_common></source><source id="Spine-Interpolations"><Name_array id="Spine-Interpolations-array" count="28">
 LINEAR LINEAR LINEAR LINEAR LINEAR LINEAR LINEAR LINEAR LINEAR LINEAR LINEAR
LINEAR LINEAR LINEAR LINEAR LINEAR LINEAR LINEAR LINEAR LINEAR LINEAR LINEAR LINEAR
LINEAR LINEAR LINEAR LINEAR LINEAR</Name_array><technique_common><accessor source="#Spine-Interpolations-array" count="28"><param type="name"/></accessor></technique_common></source><sampler id="Spine-Matrix-animation-transform"><input semantic="INPUT" source="#Spine-Matrix-animation-input"/><input semantic="OUTPUT" source="#Spine-Matrix-animation-output-transform"/><input semantic="INTERPOLATION" source="#Spine-Interpolations"/></sampler><channel source="#Spine-Matrix-animation-transform" target="Spine/matrix"/></animation>
    <animation id="Spine1-anim" name="Spine1"><source id="Spine1-Matrix-animation-input"><float_array id="Spine1-Matrix-animation-input-array" count="28">

0.000000 0.033333 0.066667 0.100000 0.133333 0.166667 0.200000 0.233333 0.266667 0.300000 0.333333 0.366667 0.400000 0.433333 0.466667 0.500000
0.533333 0.566667 0.600000 0.633333 0.666667 0.700000 0.733333 0.766667 0.800000 0.833333 0.866667 0.900000</float_array><technique_common><accessor source="#Spine1-Matrix-animation-input-array" count="28"><param name="TIME" type="float"/></accessor></technique_common></source><source id="Spine1-Matrix-animation-output-transform"><float_array id="Spine1-Matrix-animation-output-transform-array" count="448">

0.999933 0.009235 0.006961 0.012400 -0.009128 0.999842 -0.015252 8.239700 -0.007101 0.015187 0.999859 -1.148800 0.000000 0.000000 0.000000 1.000000
0.999024 0.020567 0.039095 0.012400 -0.020360 0.999777 -0.005672 8.239700 -0.039203 0.004870 0.999219 -1.148800 0.000000 0.000000 0.000000 1.000000
0.997898 0.030109 0.057393 0.012400 -0.030389 0.999530 0.004013 8.239700 -0.057246 -0.005749 0.998344 -1.148800 0.000000 0.000000 0.000000 1.000000
0.997531 0.033334 0.061810 0.012400 -0.033828 0.999403 0.006969 8.239700 -0.061541 -0.009043 0.998064 -1.148800 0.000000 0.000000 0.000000 1.000000
0.997993 0.029445 0.056069 0.012400 -0.029497 0.999565 0.000100 8.239700 -0.056041 -0.001754 0.998427 -1.148800 0.000000 0.000000 0.000000 1.000000
0.998703 0.022866 0.045496 0.012400 -0.022412 0.999694 -0.010461 8.239700 -0.045721 0.009427 0.998910 -1.148800 0.000000 0.000000 0.000000 1.000000
0.999238 0.018516 0.034358 0.012400 -0.017973 0.999710 -0.016040 8.239700 -0.034646 0.015410 0.999281 -1.148800 0.000000 0.000000 0.000000 1.000000
0.999520 0.018091 0.025149 0.012400 -0.017708 0.999725 -0.015365 8.239700 -0.025420 0.014913 0.999566 -1.148800 0.000000 0.000000 0.000000 1.000000
0.999619 0.021393 0.017461 0.012400 -0.021160 0.999686 -0.013420 8.239700 -0.017743 0.013045 0.999757 -1.148800 0.000000 0.000000 0.000000 1.000000
0.999599 0.027192 0.007943 0.012400 -0.027080 0.999536 -0.013953 8.239700 -0.008318 0.013733 0.999871 -1.148800 0.000000 0.000000 0.000000 1.000000
0.999475 0.031697 -0.006762 0.012400 -0.031803 0.999362 -0.016235 8.239700 0.006243 0.016442 0.999845 -1.148800 0.000000 0.000000 0.000000 1.000000
0.999157 0.030786 -0.027167 0.012400 -0.031291 0.999342 -0.018353 8.239700 0.026584 0.019187 0.999462 -1.148800 0.000000 0.000000 0.000000 1.000000
0.998411 0.025020 -0.050497 0.012400 -0.026040 0.999468 -0.019632 8.239700 0.049979 0.020916 0.998531 -1.148800 0.000000 0.000000 0.000000 1.000000
0.997277 0.018142 -0.071485 0.012400 -0.019490 0.999644 -0.018208 8.239700 0.071129 0.019551 0.997275 -1.148800 0.000000 0.000000 0.000000 1.000000
0.996246 0.011248 -0.085837 0.012400 -0.012176 0.999873 -0.010292 8.239700 0.085710 0.011298 0.996256 -1.148800 0.000000 0.000000 0.000000 1.000000
0.995587 0.003179 -0.093791 0.012400 -0.002842 0.999989 0.003735 8.239700 0.093802 -0.003452 0.995585 -1.148800 0.000000 0.000000 0.000000 1.000000
0.995191 -0.004148 -0.097861 0.012400 0.005624 0.999875 0.014804 8.239700 0.097787 -0.015283 0.995090 -1.148800 0.000000 0.000000 0.000000 1.000000
0.995094 -0.006122 -0.098749 0.012400 0.007534 0.999875 0.013929 8.239700 0.098652 -0.014604 0.995015 -1.148800 0.000000 0.000000 0.000000 1.000000
0.995372 -0.002562 -0.096067 0.012400 0.002921 0.999989 0.003596 8.239700 0.096056 -0.003860 0.995368 -1.148800 0.000000 0.000000 0.000000 1.000000
0.995882 0.001388 -0.090651 0.012400 -0.001937 0.999980 -0.005970 8.239700 0.090641 0.006121 0.995865 -1.148800 0.000000 0.000000 0.000000 1.000000
0.996467 0.002781 -0.083942 0.012400 -0.003578 0.999950 -0.009344 8.239700 0.083912 0.009612 0.996427 -1.148800 0.000000 0.000000 0.000000 1.000000
0.997043 0.002746 -0.076795 0.012400 -0.003417 0.999957 -0.008610 8.239700 0.076768 0.008847 0.997010 -1.148800 0.000000 0.000000 0.000000 1.000000
0.997560 0.001603 -0.069801 0.012400 -0.002139 0.999969 -0.007609 8.239700 0.069786 0.007740 0.997532 -1.148800 0.000000 0.000000 0.000000 1.000000
0.998004 -0.001885 -0.063127 0.012400 0.001340 0.999961 -0.008676 8.239700 0.063141 0.008574 0.997968 -1.148800 0.000000 0.000000 0.000000 1.000000
0.998458 -0.006197 -0.055159 0.012400 0.005512 0.999906 -0.012555 8.239700 0.055232 0.012232 0.998399 -1.148800 0.000000 0.000000 0.000000 1.000000
0.999093 -0.006640 -0.042053 0.012400 0.005904 0.999828 -0.017610 8.239700 0.042163 0.017345 0.998960 -1.148800 0.000000 0.000000 0.000000 1.000000
0.999780 -0.000893 -0.020957 0.012400 0.000479 0.999805 -0.019749 8.239700 0.020971 0.019735 0.999585 -1.148800 0.000000 0.000000 0.000000 1.000000
0.999933 0.009235 0.006961 0.012400 -0.009128 0.999842 -0.015252 8.239700 -0.007101 0.015187 0.999859 -1.148800 0.000000 0.000000 0.000000 1.000000</float_array><technique_common><accessor source="#Spine1-Matrix-animation-output-transform-array" count="28" stride="16"><param type="float4x4"/></accessor></technique_common></source><source id="Spine1-Interpolations"><Name_array id="Spine1-Interpolations-array" count="28">
 LINEAR LINEAR LINEAR LINEAR LINEAR LINEAR LINEAR LINEAR LINEAR LINEAR LINEAR
LINEAR LINEAR LINEAR LINEAR LINEAR LINEAR LINEAR LINEAR LINEAR LINEAR LINEAR LINEAR
LINEAR LINEAR LINEAR LINEAR LINEAR</Name_array><technique_common><accessor source="#Spine1-Interpolations-array" count="28"><param type="name"/></accessor></technique_common></source><sampler id="Spine1-Matrix-animation-transform"><input semantic="INPUT" source="#Spine1-Matrix-animation-input"/><input semantic="OUTPUT" source="#Spine1-Matrix-animation-output-transform"/><input semantic="INTERPOLATION" source="#Spine1-Interpolations"/></sampler><channel source="#Spine1-Matrix-animation-transform" target="Spine1/matrix"/></animation>
    <animation id="Spine2-anim" name="Spine2"><source id="Spine2-Matrix-animation-input"><float_array id="Spine2-Matrix-animation-input-array" count="28">

0.000000 0.033333 0.066667 0.100000 0.133333 0.166667 0.200000 0.233333 0.266667 0.300000 0.333333 0.366667 0.400000 0.433333 0.466667 0.500000
0.533333 0.566667 0.600000 0.633333 0.666667 0.700000 0.733333 0.766667 0.800000 0.833333 0.866667 0.900000</float_array><technique_common><accessor source="#Spine2-Matrix-animation-input-array" count="28"><param name="TIME" type="float"/></accessor></technique_common></source><source id="Spine2-Matrix-animation-output-transform"><float_array id="Spine2-Matrix-animation-output-transform-array" count="448">

0.999930 0.009347 0.007228 0.014200 -0.009236 0.999842 -0.015203 9.416800 -0.007369 0.015135 0.999858 -1.313000 0.000000 0.000000 0.000000 1.000000
0.999007 0.020930 0.039329 0.014200 -0.020735 0.999771 -0.005350 9.416800 -0.039432 0.004529 0.999212 -1.313000 0.000000 0.000000 0.000000 1.000000
0.997873 0.030947 0.057369 0.014200 -0.031258 0.999501 0.004525 9.416800 -0.057200 -0.006308 0.998343 -1.313000 0.000000 0.000000 0.000000 1.000000
0.997509 0.034464 0.061552 0.014200 -0.034992 0.999359 0.007517 9.416800 -0.061254 -0.009652 0.998076 -1.313000 0.000000 0.000000 0.000000 1.000000
0.997976 0.030395 0.055856 0.014200 -0.030477 0.999535 0.000604 9.416800 -0.055811 -0.002305 0.998439 -1.313000 0.000000 0.000000 0.000000 1.000000
0.998689 0.023396 0.045528 0.014200 -0.022962 0.999686 -0.010035 9.416800 -0.045749 0.008976 0.998913 -1.313000 0.000000 0.000000 0.000000 1.000000
0.999226 0.018780 0.034565 0.014200 -0.018245 0.999710 -0.015706 9.416800 -0.034850 0.015063 0.999279 -1.313000 0.000000 0.000000 0.000000 1.000000
0.999511 0.018295 0.025378 0.014200 -0.017916 0.999726 -0.015088 9.416800 -0.025647 0.014626 0.999564 -1.313000 0.000000 0.000000 0.000000 1.000000
0.999610 0.021602 0.017700 0.014200 -0.021371 0.999685 -0.013145 9.416800 -0.017979 0.012761 0.999757 -1.313000 0.000000 0.000000 0.000000 1.000000
0.999591 0.027373 0.008334 0.014200 -0.027258 0.999534 -0.013715 9.416800 -0.008706 0.013482 0.999871 -1.313000 0.000000 0.000000 0.000000 1.000000
0.999476 0.031776 -0.006091 0.014200 -0.031871 0.999360 -0.016219 9.416800 0.005572 0.016405 0.999850 -1.313000 0.000000 0.000000 0.000000 1.000000
0.999183 0.030710 -0.026256 0.014200 -0.031208 0.999337 -0.018770 9.416800 0.025662 0.019575 0.999479 -1.313000 0.000000 0.000000 0.000000 1.000000
0.998465 0.024848 -0.049493 0.014200 -0.025889 0.999454 -0.020516 9.416800 0.048957 0.021766 0.998564 -1.313000 0.000000 0.000000 0.000000 1.000000
0.997349 0.017919 -0.070527 0.014200 -0.019329 0.999626 -0.019360 9.416800 0.070154 0.020672 0.997322 -1.313000 0.000000 0.000000 0.000000 1.000000
0.996319 0.010738 -0.085052 0.014200 -0.011757 0.999865 -0.011482 9.416800 0.084917 0.012440 0.996310 -1.313000 0.000000 0.000000 0.000000 1.000000
0.995638 0.002040 -0.093277 0.014200 -0.001810 0.999995 0.002553 9.416800 0.093282 -0.002373 0.995637 -1.313000 0.000000 0.000000 0.000000 1.000000
0.995211 -0.005697 -0.097587 0.014200 0.007054 0.999883 0.013570 9.416800 0.097498 -0.014193 0.995134 -1.313000 0.000000 0.000000 0.000000 1.000000
0.995104 -0.007298 -0.098566 0.014200 0.008592 0.999882 0.012709 9.416800 0.098462 -0.013493 0.995049 -1.313000 0.000000 0.000000 0.000000 1.000000
0.995392 -0.002949 -0.095840 0.014200 0.003206 0.999992 0.002524 9.416800 0.095832 -0.002819 0.995394 -1.313000 0.000000 0.000000 0.000000 1.000000
0.995908 0.001422 -0.090365 0.014200 -0.002052 0.999974 -0.006873 9.416800 0.090353 0.007031 0.995885 -1.313000 0.000000 0.000000 0.000000 1.000000
0.996491 0.002754 -0.083656 0.014200 -0.003614 0.999942 -0.010129 9.416800 0.083623 0.010396 0.996443 -1.313000 0.000000 0.000000 0.000000 1.000000
0.997063 0.002559 -0.076542 0.014200 -0.003282 0.999951 -0.009321 9.416800 0.076514 0.009545 0.997023 -1.313000 0.000000 0.000000 0.000000 1.000000
0.997575 0.001357 -0.069591 0.014200 -0.001934 0.999964 -0.008232 9.416800 0.069578 0.008347 0.997542 -1.313000 0.000000 0.000000 0.000000 1.000000
0.998011 -0.002147 -0.063004 0.014200 0.001575 0.999957 -0.009129 9.416800 0.063021 0.009012 0.997972 -1.313000 0.000000 0.000000 0.000000 1.000000
0.998458 -0.006490 -0.055138 0.014200 0.005791 0.999901 -0.012825 9.416800 0.055216 0.012486 0.998396 -1.313000 0.000000 0.000000 0.000000 1.000000
0.999092 -0.006917 -0.042044 0.014200 0.006174 0.999823 -0.017796 9.416800 0.042159 0.017520 0.998957 -1.313000 0.000000 0.000000 0.000000 1.000000
0.999782 -0.001025 -0.020840 0.014200 0.000610 0.999802 -0.019893 9.416800 0.020857 0.019876 0.999585 -1.313000 0.000000 0.000000 0.000000 1.000000
0.999930 0.009347 0.007228 0.014200 -0.009236 0.999842 -0.015203 9.416800 -0.007369 0.015135 0.999858 -1.313000 0.000000 0.000000 0.000000 1.000000</float_array><technique_common><accessor source="#Spine2-Matrix-animation-output-transform-array" count="28" stride="16"><param type="float4x4"/></accessor></technique_common></source><source id="Spine2-Interpolations"><Name_array id="Spine2-Interpolations-array" count="28">
 LINEAR LINEAR LINEAR LINEAR LINEAR LINEAR LINEAR LINEAR LINEAR LINEAR LINEAR
LINEAR LINEAR LINEAR LINEAR LINEAR LINEAR LINEAR LINEAR LINEAR LINEAR LINEAR LINEAR
LINEAR LINEAR LINEAR LINEAR LINEAR</Name_array><technique_common><accessor source="#Spine2-Interpolations-array" count="28"><param type="name"/></accessor></technique_common></source><sampler id="Spine2-Matrix-animation-transform"><input semantic="INPUT" source="#Spine2-Matrix-animation-input"/><input semantic="OUTPUT" source="#Spine2-Matrix-animation-output-transform"/><input semantic="INTERPOLATION" source="#Spine2-Interpolations"/></sampler><channel source="#Spine2-Matrix-animation-transform" target="Spine2/matrix"/></animation>
    <animation id="Neck-anim" name="Neck"><source id="Neck-Matrix-animation-input"><float_array id="Neck-Matrix-animation-input-array" count="28">

0.000000 0.033333 0.066667 0.100000 0.133333 0.166667 0.200000 0.233333 0.266667 0.300000 0.333333 0.366667 0.400000 0.433333 0.466667 0.500000
0.533333 0.566667 0.600000 0.633333 0.666667 0.700000 0.733333 0.766667 0.800000 0.833333 0.866667 0.900000</float_array><technique_common><accessor source="#Neck-Matrix-animation-input-array" count="28"><param name="TIME" type="float"/></accessor></technique_common></source><source id="Neck-Matrix-animation-output-transform"><float_array id="Neck-Matrix-animation-output-transform-array" count="448">

0.998977 0.042904 -0.014299 0.016000 -0.040889 0.991964 0.119730 10.593800 0.019321 -0.119023 0.992704 -1.477100 0.000000 0.000000 0.000000 1.000000
0.998528 0.048103 -0.025050 0.016000 -0.044585 0.991044 0.125876 10.593800 0.030881 -0.124573 0.991730 -1.477100 0.000000 0.000000 0.000000 1.000000
0.997975 0.054829 -0.032248 0.016000 -0.049949 0.989390 0.136425 10.593800 0.039385 -0.134538 0.990125 -1.477100 0.000000 0.000000 0.000000 1.000000
0.997442 0.062192 -0.035245 0.016000 -0.056421 0.987668 0.146045 10.593800 0.043893 -0.143683 0.988650 -1.477100 0.000000 0.000000 0.000000 1.000000
0.997125 0.067178 -0.035068 0.016000 -0.061210 0.986802 0.149918 10.593800 0.044676 -0.147341 0.988076 -1.477100 0.000000 0.000000 0.000000 1.000000
0.997145 0.067566 -0.033715 0.016000 -0.061947 0.987284 0.146402 10.593800 0.043178 -0.143895 0.988651 -1.477100 0.000000 0.000000 0.000000 1.000000
0.997363 0.064827 -0.032622 0.016000 -0.059763 0.988685 0.137587 10.593800 0.041173 -0.135274 0.989952 -1.477100 0.000000 0.000000 0.000000 1.000000
0.997559 0.061934 -0.032254 0.016000 -0.057362 0.990206 0.127285 10.593800 0.039822 -0.125124 0.991342 -1.477100 0.000000 0.000000 0.000000 1.000000
0.997743 0.058833 -0.032377 0.016000 -0.054612 0.991437 0.118622 10.593800 0.039079 -0.116586 0.992412 -1.477100 0.000000 0.000000 0.000000 1.000000
0.998047 0.053434 -0.032346 0.016000 -0.049458 0.992334 0.113259 10.593800 0.038150 -0.111438 0.993039 -1.477100 0.000000 0.000000 0.000000 1.000000
0.998416 0.046624 -0.031488 0.016000 -0.042850 0.992848 0.111431 10.593800 0.036458 -0.109905 0.993273 -1.477100 0.000000 0.000000 0.000000 1.000000
0.998724 0.041247 -0.029129 0.016000 -0.037736 0.992967 0.112218 10.593800 0.033553 -0.110976 0.993257 -1.477100 0.000000 0.000000 0.000000 1.000000
0.999022 0.036921 -0.024334 0.016000 -0.033887 0.992775 0.115108 10.593800 0.028408 -0.114171 0.993055 -1.477100 0.000000 0.000000 0.000000 1.000000
0.999367 0.031337 -0.016819 0.016000 -0.029081 0.992248 0.120826 10.593800 0.020475 -0.120260 0.992531 -1.477100 0.000000 0.000000 0.000000 1.000000
0.999643 0.025588 -0.007644 0.016000 -0.024383 0.991271 0.129567 10.593800 0.010892 -0.129335 0.991541 -1.477100 0.000000 0.000000 0.000000 1.000000
0.999716 0.023766 0.001613 0.016000 -0.023758 0.989925 0.139589 10.593800 0.001721 -0.139587 0.990208 -1.477100 0.000000 0.000000 0.000000 1.000000
0.999580 0.027541 0.008999 0.016000 -0.028569 0.988619 0.147702 10.593800 -0.004829 -0.147897 0.988991 -1.477100 0.000000 0.000000 0.000000 1.000000
0.999340 0.034120 0.012499 0.016000 -0.035616 0.987943 0.150667 10.593800 -0.007208 -0.151012 0.988506 -1.477100 0.000000 0.000000 0.000000 1.000000
0.999095 0.040747 0.012178 0.016000 -0.042097 0.988211 0.147199 10.593800 -0.006036 -0.147578 0.989032 -1.477100 0.000000 0.000000 0.000000 1.000000
0.998786 0.048115 0.010582 0.016000 -0.049118 0.989132 0.138582 10.593800 -0.003800 -0.138933 0.990294 -1.477100 0.000000 0.000000 0.000000 1.000000
0.998346 0.056680 0.009646 0.016000 -0.057448 0.990204 0.127261 10.593800 -0.002338 -0.127605 0.991822 -1.477100 0.000000 0.000000 0.000000 1.000000
0.997983 0.062879 0.008759 0.016000 -0.063471 0.991167 0.116447 10.593800 -0.001359 -0.116768 0.993158 -1.477100 0.000000 0.000000 0.000000 1.000000
0.998046 0.062134 0.006601 0.016000 -0.062483 0.991994 0.109742 10.593800 0.000271 -0.109940 0.993938 -1.477100 0.000000 0.000000 0.000000 1.000000
0.998495 0.054725 0.003509 0.016000 -0.054782 0.992580 0.108551 10.593800 0.002458 -0.108580 0.994085 -1.477100 0.000000 0.000000 0.000000 1.000000
0.998920 0.046465 0.000817 0.016000 -0.046270 0.992769 0.110766 10.593800 0.004336 -0.110684 0.993846 -1.477100 0.000000 0.000000 0.000000 1.000000
0.999103 0.042314 -0.001862 0.016000 -0.041831 0.992673 0.113359 10.593800 0.006645 -0.113180 0.993552 -1.477100 0.000000 0.000000 0.000000 1.000000
0.999100 0.041903 -0.006550 0.016000 -0.040865 0.992435 0.115773 10.593800 0.011352 -0.115401 0.993254 -1.477100 0.000000 0.000000 0.000000 1.000000
0.998977 0.042904 -0.014299 0.016000 -0.040889 0.991964 0.119730 10.593800 0.019321 -0.119023 0.992704 -1.477100 0.000000 0.000000 0.000000 1.000000</float_array><technique_common><accessor source="#Neck-Matrix-animation-output-transform-array" count="28" stride="16"><param type="float4x4"/></accessor></technique_common></source><source id="Neck-Interpolations"><Name_array id="Neck-Interpolations-array" count="28">
 LINEAR LINEAR LINEAR LINEAR LINEAR LINEAR LINEAR LINEAR LINEAR LINEAR LINEAR
LINEAR LINEAR LINEAR LINEAR LINEAR LINEAR LINEAR LINEAR LINEAR LINEAR LINEAR LINEAR
LINEAR LINEAR LINEAR LINEAR LINEAR</Name_array><technique_common><accessor source="#Neck-Interpolations-array" count="28"><param type="name"/></accessor></technique_common></source><sampler id="Neck-Matrix-animation-transform"><input semantic="INPUT" source="#Neck-Matrix-animation-input"/><input semantic="OUTPUT" source="#Neck-Matrix-animation-output-transform"/><input semantic="INTERPOLATION" source="#Neck-Interpolations"/></sampler><channel source="#Neck-Matrix-animation-transform" target="Neck/matrix"/></animation>
    <animation id="Head-anim" name="Head"><source id="Head-Matrix-animation-input"><float_array id="Head-Matrix-animation-input-array" count="28">

0.000000 0.033333 0.066667 0.100000 0.133333 0.166667 0.200000 0.233333 0.266667 0.300000 0.333333 0.366667 0.400000 0.433333 0.466667 0.500000
0.533333 0.566667 0.600000 0.633333 0.666667 0.700000 0.733333 0.766667 0.800000 0.833333 0.866667 0.900000</float_array><technique_common><accessor source="#Head-Matrix-animation-input-array" count="28"><param name="TIME" type="float"/></accessor></technique_common></source><source id="Head-Matrix-animation-output-transform"><float_array id="Head-Matrix-animation-output-transform-array" count="448">

0.992917 0.041235 -0.111426 0.000000 -0.003215 0.946824 0.321737 5.056400 0.118767 -0.319100 0.940250 0.719600 0.000000 0.000000 0.000000 1.000000
0.985545 0.055529 -0.160052 0.000000 -0.003891 0.951924 0.306308 5.056400 0.169366 -0.301258 0.938381 0.719600 0.000000 0.000000 0.000000 1.000000
0.977892 0.068370 -0.197618 0.000000 -0.005263 0.952788 0.303591 5.056400 0.209045 -0.295839 0.932083 0.719600 0.000000 0.000000 0.000000 1.000000
0.972401 0.077958 -0.219906 0.000000 -0.006492 0.951203 0.308497 5.056400 0.233225 -0.298555 0.925457 0.719600 0.000000 0.000000 0.000000 1.000000
0.970401 0.080397 -0.227724 0.000000 -0.005265 0.949778 0.312881 5.056400 0.241442 -0.302421 0.922089 0.719600 0.000000 0.000000 0.000000 1.000000
0.970940 0.074795 -0.227337 0.000000 -0.001020 0.951194 0.308593 5.056400 0.239323 -0.299394 0.923628 0.719600 0.000000 0.000000 0.000000 1.000000
0.971932 0.065367 -0.226000 0.000000 0.003791 0.956149 0.292858 5.056400 0.235233 -0.285494 0.929063 0.719600 0.000000 0.000000 0.000000 1.000000
0.972124 0.056935 -0.227449 0.000000 0.007411 0.962123 0.272514 5.056400 0.234349 -0.266603 0.934881 0.719600 0.000000 0.000000 0.000000 1.000000
0.971937 0.048632 -0.230159 -0.000000 0.013538 0.965212 0.261118 5.056400 0.234851 -0.256907 0.937467 0.719600 0.000000 0.000000 0.000000 1.000000
0.972366 0.035917 -0.230681 0.000000 0.027852 0.963191 0.267370 5.056400 0.231793 -0.266406 0.935575 0.719600 0.000000 0.000000 0.000000 1.000000
0.973281 0.019525 -0.228787 0.000000 0.048187 0.956823 0.286650 5.056400 0.224505 -0.290016 0.930316 0.719600 0.000000 0.000000 0.000000 1.000000
0.974690 0.004661 -0.223514 -0.000000 0.065824 0.949482 0.306842 5.056400 0.213653 -0.313788 0.925143 0.719600 0.000000 0.000000 0.000000 1.000000
0.978482 -0.008844 -0.206144 0.000000 0.075745 0.944724 0.318998 5.056400 0.191928 -0.327749 0.925065 0.719600 0.000000 0.000000 0.000000 1.000000
0.985399 -0.023864 -0.168582 0.000000 0.077667 0.944114 0.320337 5.056400 0.151517 -0.328753 0.932183 0.719600 0.000000 0.000000 0.000000 1.000000
0.992578 -0.035754 -0.116238 0.000000 0.070925 0.946616 0.314463 5.056400 0.098790 -0.320373 0.942126 0.719600 0.000000 0.000000 0.000000 1.000000
0.997167 -0.037055 -0.065464 0.000000 0.055551 0.949535 0.308701 5.056400 0.050721 -0.311463 0.948904 0.719600 0.000000 0.000000 0.000000 1.000000
0.999096 -0.028181 -0.031830 0.000000 0.036601 0.951063 0.306820 5.056400 0.021626 -0.307708 0.951235 0.719600 0.000000 0.000000 0.000000 1.000000
0.999653 -0.015487 -0.021301 0.000000 0.021267 0.951765 0.306092 5.056400 0.015533 -0.306438 0.951764 0.719600 0.000000 0.000000 0.000000 1.000000
0.999610 -0.001961 -0.027857 0.000000 0.010264 0.953517 0.301164 5.056400 0.025972 -0.301333 0.953165 0.719600 0.000000 0.000000 0.000000 1.000000
0.999101 0.014423 -0.039872 -0.000000 -0.002288 0.957337 0.288964 5.056400 0.042338 -0.288613 0.956509 0.719600 0.000000 0.000000 0.000000 1.000000
0.998186 0.033519 -0.050009 -0.000000 -0.018732 0.962358 0.271138 5.056400 0.057215 -0.269709 0.961241 0.719600 0.000000 0.000000 0.000000 1.000000
0.997133 0.048771 -0.057849 0.000000 -0.032422 0.966205 0.255727 5.056400 0.068366 -0.253118 0.965017 0.719600 0.000000 0.000000 0.000000 1.000000
0.996534 0.052263 -0.064714 0.000000 -0.034166 0.966491 0.254415 5.056400 0.075842 -0.251322 0.964927 0.719600 0.000000 0.000000 0.000000 1.000000
0.996634 0.043712 -0.069358 0.000000 -0.023284 0.962082 0.271766 5.056400 0.078608 -0.269236 0.959861 0.719600 0.000000 0.000000 0.000000 1.000000
0.996992 0.032629 -0.070307 0.000000 -0.010175 0.954323 0.298603 5.056400 0.076838 -0.296989 0.951784 0.719600 0.000000 0.000000 0.000000 1.000000
0.996980 0.028834 -0.072106 -0.000000 -0.004258 0.947412 0.319989 5.056400 0.077541 -0.318716 0.944673 0.719600 0.000000 0.000000 0.000000 1.000000
0.995917 0.033187 -0.083956 0.000000 -0.003856 0.944769 0.327714 5.056400 0.090194 -0.326052 0.941039 0.719600 0.000000 0.000000 0.000000 1.000000
0.992917 0.041235 -0.111425 0.000000 -0.003215 0.946824 0.321737 5.056400 0.118767 -0.319100 0.940250 0.719600 0.000000 0.000000 0.000000 1.000000</float_array><technique_common><accessor source="#Head-Matrix-animation-output-transform-array" count="28" stride="16"><param type="float4x4"/></accessor></technique_common></source><source id="Head-Interpolations"><Name_array id="Head-Interpolations-array" count="28">
 LINEAR LINEAR LINEAR LINEAR LINEAR LINEAR LINEAR LINEAR LINEAR LINEAR LINEAR
LINEAR LINEAR LINEAR LINEAR LINEAR LINEAR LINEAR LINEAR LINEAR LINEAR LINEAR LINEAR
LINEAR LINEAR LINEAR LINEAR LINEAR</Name_array><technique_common><accessor source="#Head-Interpolations-array" count="28"><param type="name"/></accessor></technique_common></source><sampler id="Head-Matrix-animation-transform"><input semantic="INPUT" source="#Head-Matrix-animation-input"/><input semantic="OUTPUT" source="#Head-Matrix-animation-output-transform"/><input semantic="INTERPOLATION" source="#Head-Interpolations"/></sampler><channel source="#Head-Matrix-animation-transform" target="Head/matrix"/></animation>
    <animation id="LeftShoulder-anim" name="LeftShoulder"><source id="LeftShoulder-Matrix-animation-input"><float_array id="LeftShoulder-Matrix-animation-input-array" count="28">

0.000000 0.033333 0.066667 0.100000 0.133333 0.166667 0.200000 0.233333 0.266667 0.300000 0.333333 0.366667 0.400000 0.433333 0.466667 0.500000
0.533333 0.566667 0.600000 0.633333 0.666667 0.700000 0.733333 0.766667 0.800000 0.833333 0.866667 0.900000</float_array><technique_common><accessor source="#LeftShoulder-Matrix-animation-input-array" count="28"><param name="TIME" type="float"/></accessor></technique_common></source><source id="LeftShoulder-Matrix-animation-output-transform"><float_array id="LeftShoulder-Matrix-animation-output-transform-array" count="448">

0.947773 0.316976 0.035388 3.528500 -0.314702 0.947428 -0.057816 8.730400 -0.051854 0.043659 0.997700 -1.456100 0.000000 0.000000 0.000000 1.000000
0.955922 0.288408 0.055078 3.528500 -0.285176 0.956613 -0.059713 8.730400 -0.069910 0.041374 0.996695 -1.456100 0.000000 0.000000 0.000000 1.000000
0.961756 0.268910 0.052083 3.528500 -0.265916 0.962257 -0.057886 8.730400 -0.065683 0.041822 0.996964 -1.456100 0.000000 0.000000 0.000000 1.000000
0.965646 0.257107 0.037736 3.528500 -0.254891 0.965402 -0.055046 8.730400 -0.050583 0.043536 0.997770 -1.456100 0.000000 0.000000 0.000000 1.000000
0.969869 0.241590 0.031432 3.528500 -0.239733 0.969366 -0.053448 8.730400 -0.043382 0.044302 0.998076 -1.456100 0.000000 0.000000 0.000000 1.000000
0.976554 0.211900 0.037955 3.528500 -0.209803 0.976324 -0.052665 8.730400 -0.048216 0.043467 0.997891 -1.456100 0.000000 0.000000 0.000000 1.000000
0.982592 0.181686 0.038770 3.528500 -0.179654 0.982423 -0.050690 8.730400 -0.047298 0.042842 0.997962 -1.456100 0.000000 0.000000 0.000000 1.000000
0.982728 0.184363 0.015976 3.528500 -0.183407 0.981839 -0.048518 8.730400 -0.024631 0.044750 0.998695 -1.456100 0.000000 0.000000 0.000000 1.000000
0.971820 0.234416 -0.024790 3.528500 -0.235344 0.970841 -0.045623 8.730400 0.013372 0.050172 0.998651 -1.456100 0.000000 0.000000 0.000000 1.000000
0.948550 0.309732 -0.065715 3.528500 -0.312673 0.949006 -0.040299 8.730400 0.049882 0.058773 0.997024 -1.456100 0.000000 0.000000 0.000000 1.000000
0.922246 0.372241 -0.104393 3.528500 -0.377300 0.925500 -0.033086 8.730400 0.084300 0.069901 0.993986 -1.456100 0.000000 0.000000 0.000000 1.000000
0.907527 0.392882 -0.148451 3.528500 -0.400454 0.916006 -0.023851 8.730400 0.126611 0.081093 0.988632 -1.456100 0.000000 0.000000 0.000000 1.000000
0.911619 0.365696 -0.187664 3.528500 -0.375411 0.926687 -0.017828 8.730400 0.167386 0.086703 0.982071 -1.456100 0.000000 0.000000 0.000000 1.000000
0.929646 0.311000 -0.197580 3.528500 -0.321235 0.946762 -0.021215 8.730400 0.180463 0.083192 0.980057 -1.456100 0.000000 0.000000 0.000000 1.000000
0.949908 0.263988 -0.167287 3.528500 -0.272447 0.961722 -0.029389 8.730400 0.153126 0.073493 0.985470 -1.456100 0.000000 0.000000 0.000000 1.000000
0.960549 0.253186 -0.115075 3.528500 -0.258729 0.965284 -0.035852 8.730400 0.102003 0.064211 0.992710 -1.456100 0.000000 0.000000 0.000000 1.000000
0.957913 0.277116 -0.074895 3.528500 -0.280612 0.958950 -0.040877 8.730400 0.060493 0.060173 0.996353 -1.456100 0.000000 0.000000 0.000000 1.000000
0.950861 0.302722 -0.064979 3.528500 -0.305764 0.951122 -0.043302 8.730400 0.048694 0.061042 0.996947 -1.456100 0.000000 0.000000 0.000000 1.000000
0.947636 0.309947 -0.076932 3.528500 -0.313684 0.948590 -0.042182 8.730400 0.059903 0.064106 0.996144 -1.456100 0.000000 0.000000 0.000000 1.000000
0.943649 0.317730 -0.092601 3.528500 -0.322409 0.945732 -0.040535 8.730400 0.074696 0.068106 0.994878 -1.456100 0.000000 0.000000 0.000000 1.000000
0.933753 0.343850 -0.099358 3.528500 -0.349033 0.936254 -0.040061 8.730400 0.079249 0.072086 0.994245 -1.456100 0.000000 0.000000 0.000000 1.000000
0.921984 0.375781 -0.093457 3.528500 -0.380712 0.923763 -0.041485 8.730400 0.070743 0.073829 0.994759 -1.456100 0.000000 0.000000 0.000000 1.000000
0.915212 0.395277 -0.078383 3.528500 -0.399325 0.915719 -0.044709 8.730400 0.054105 0.072219 0.995920 -1.456100 0.000000 0.000000 0.000000 1.000000
0.914082 0.400527 -0.063500 3.528500 -0.403658 0.913665 -0.047708 8.730400 0.038909 0.069241 0.996841 -1.456100 0.000000 0.000000 0.000000 1.000000
0.915460 0.398470 -0.056170 3.528500 -0.401146 0.914705 -0.048962 8.730400 0.031869 0.067356 0.997220 -1.456100 0.000000 0.000000 0.000000 1.000000
