<?xml version="1.0" encoding="utf-8"?>
<COLLADA xmlns="http://www.collada.org/2005/11/COLLADASchema" version="1.4.1">
  <asset><contributor><author>Mixamo</author><authoring_tool>COLLADA Mixamo exporter</authoring_tool><comments></comments></contributor><created>2018-10-29T23:09:39Z</created><modified>2018-10-29T23:09:39Z</modified><revision></revision><title></title><unit meter="0.010000"/><up_axis>Y_UP</up_axis></asset>
  <library_animations>
    <animation id="Hips-anim" name="Hips"><source id="Hips-Matrix-animation-input"><float_array id="Hips-Matrix-animation-input-array" count="17">

0.000000 0.033333 0.066667 0.100000 0.133333 0.166667 0.200000 0.233333 0.266667 0.300000 0.333333 0.366667 0.400000 0.433333 0.466667 0.500000
0.533333</float_array><technique_common><accessor source="#Hips-Matrix-animation-input-array" count="17"><param name="TIME" type="float"/></accessor></technique_common></source><source id="Hips-Matrix-animation-output-transform"><float_array id="Hips-Matrix-animation-output-transform-array" count="272">

0.948697 0.286261 -0.134267 -0.385939 -0.288892 0.957362 -0.000112 62.714401 0.128510 0.038895 0.990945 0.995827 0.000000 0.000000 0.000000 1.000000
0.959591 0.271608 -0.073580 0.798780 -0.272407 0.962182 -0.000862 63.123615 0.070563 0.020871 0.997289 14.640820 0.000000 0.000000 0.000000 1.000000
0.967354 0.253381 0.004930 2.334879 -0.253310 0.967313 -0.011823 64.005142 -0.007765 0.010188 0.999918 28.808634 0.000000 0.000000 0.000000 1.000000
0.965251 0.252329 0.067981 4.237975 -0.251527 0.967638 -0.020249 65.033333 -0.070890 0.002446 0.997481 42.979252 0.000000 0.000000 0.000000 1.000000
0.958194 0.269636 0.095715 6.475112 -0.269259 0.962916 -0.017084 65.599472 -0.096772 -0.009403 0.995262 56.766453 0.000000 0.000000 0.000000 1.000000
0.955011 0.277571 0.104446 8.894256 -0.278536 0.960410 -0.005521 65.160210 -0.101844 -0.023819 0.994515 69.785835 0.000000 0.000000 0.000000 1.000000
0.958413 0.250845 0.136092 11.554340 -0.252843 0.967504 -0.002688 64.218163 -0.132343 -0.031834 0.990693 81.964600 0.000000 0.000000 0.000000 1.000000
0.957150 0.203946 0.205598 14.411654 -0.206335 0.978431 -0.009990 63.185661 -0.203201 -0.032860 0.978586 94.016891 0.000000 0.000000 0.000000 1.000000
0.943907 0.168286 0.284112 17.712603 -0.172386 0.984971 -0.010701 62.828461 -0.281643 -0.038876 0.958731 106.242851 0.000000 0.000000 0.000000 1.000000
0.927815 0.167614 0.333263 21.619635 -0.177149 0.984182 -0.001806 63.183788 -0.328295 -0.057361 0.942832 118.900322 0.000000 0.000000 0.000000 1.000000
0.917216 0.191752 0.349208 26.141172 -0.205427 0.978670 0.002174 63.971741 -0.341343 -0.073731 0.937043 131.758560 0.000000 0.000000 0.000000 1.000000
0.911132 0.207230 0.356222 31.047092 -0.218013 0.975894 -0.010095 64.893127 -0.349727 -0.068464 0.934347 144.375061 0.000000 0.000000 0.000000 1.000000
0.902167 0.207414 0.378251 35.790291 -0.211359 0.976898 -0.031569 65.321777 -0.376061 -0.051466 0.925165 156.372940 0.000000 0.000000 0.000000 1.000000
0.885364 0.211123 0.414196 40.034084 -0.212957 0.976143 -0.042352 65.148735 -0.413256 -0.050709 0.909202 167.343979 0.000000 0.000000 0.000000 1.000000
0.864988 0.222318 0.449856 43.987103 -0.231518 0.972190 -0.035289 64.289719 -0.445191 -0.073625 0.892403 177.462173 0.000000 0.000000 0.000000 1.000000
0.848484 0.239086 0.472137 48.469006 -0.261888 0.964931 -0.017990 63.347870 -0.459881 -0.108382 0.881342 187.035614 0.000000 0.000000 0.000000 1.000000
0.841219 0.253901 0.477374 54.222027 -0.288892 0.957362 -0.000112 62.714417 -0.457048 -0.137815 0.878700 196.591324 0.000000 0.000000 0.000000 1.000000</float_array><technique_common><accessor source="#Hips-Matrix-animation-output-transform-array" count="17" stride="16"><param type="float4x4"/></accessor></technique_common></source><source id="Hips-Interpolations"><Name_array id="Hips-Interpolations-array" count="17">
 LINEAR LINEAR LINEAR LINEAR LINEAR LINEAR LINEAR LINEAR LINEAR LINEAR LINEAR
LINEAR LINEAR LINEAR LINEAR LINEAR LINEAR</Name_array><technique_common><accessor source="#Hips-Interpolations-array" count="17"><param type="name"/></accessor></technique_common></source><sampler id="Hips-Matrix-animation-transform"><input semantic="INPUT" source="#Hips-Matrix-animation-input"/><input semantic="OUTPUT" source="#Hips-Matrix-animation-output-transform"/><input semantic="INTERPOLATION" source="#Hips-Interpolations"/></sampler><channel source="#Hips-Matrix-animation-transform" target="Hips/matrix"/></animation>
    <animation id="Spine-anim" name="Spine"><source id="Spine-Matrix-animation-input"><float_array id="Spine-Matrix-animation-input-array" count="17">

0.000000 0.033333 0.066667 0.100000 0.133333 0.166667 0.200000 0.233333 0.266667 0.300000 0.333333 0.366667 0.400000 0.433333 0.466667 0.500000
0.533333</float_array><technique_common><accessor source="#Spine-Matrix-animation-input-array" count="17"><param name="TIME" type="float"/></accessor></technique_common></source><source id="Spine-Matrix-animation-output-transform"><float_array id="Spine-Matrix-animation-output-transform-array" count="272">

0.999720 -0.011938 0.020430 0.009000 0.013873 0.995154 -0.097348 7.062600 -0.019169 0.097605 0.995041 -0.984700 0.000000 0.000000 0.000000 1.000000
0.995750 -0.008788 0.091675 0.009000 0.017053 0.995817 -0.089769 7.062600 -0.090502 0.090951 0.991734 -0.984700 0.000000 0.000000 0.000000 1.000000
0.986465 0.007232 0.163810 0.009000 0.004889 0.997285 -0.073469 7.062600 -0.163897 0.073276 0.983752 -0.984700 0.000000 0.000000 0.000000 1.000000
0.976177 0.014120 0.216514 0.009000 -0.001708 0.998349 -0.057408 7.062600 -0.216968 0.055670 0.974590 -0.984700 0.000000 0.000000 0.000000 1.000000
0.974470 0.000573 0.224519 0.009000 0.010182 0.998855 -0.046743 7.062600 -0.224289 0.047835 0.973348 -0.984700 0.000000 0.000000 0.000000 1.000000
0.983110 -0.016714 0.182248 0.009000 0.025465 0.998627 -0.045784 7.062600 -0.181233 0.049652 0.982186 -0.984700 0.000000 0.000000 0.000000 1.000000
0.994094 -0.012494 0.107802 0.009000 0.018318 0.998416 -0.053205 7.062600 -0.106966 0.054865 0.992748 -0.984700 0.000000 0.000000 0.000000 1.000000
0.999431 0.010413 0.032067 0.009000 -0.008442 0.998103 -0.060977 7.062600 -0.032641 0.060672 0.997624 -0.984700 0.000000 0.000000 0.000000 1.000000
0.998829 0.034245 -0.034172 0.009000 -0.036418 0.997212 -0.065136 7.062600 0.031847 0.066304 0.997291 -0.984700 0.000000 0.000000 0.000000 1.000000
0.994015 0.037751 -0.102509 0.009000 -0.044251 0.997102 -0.061888 7.062600 0.099875 0.066053 0.992805 -0.984700 0.000000 0.000000 0.000000 1.000000
0.983600 0.023120 -0.178875 0.009000 -0.032123 0.998350 -0.047601 7.062600 0.177480 0.052567 0.982720 -0.984700 0.000000 0.000000 0.000000 1.000000
0.970960 0.017148 -0.238625 0.009000 -0.023476 0.999443 -0.023703 7.062600 0.238086 0.028616 0.970822 -0.984700 0.000000 0.000000 0.000000 1.000000
0.967950 0.024545 -0.249941 0.009000 -0.026552 0.999637 -0.004662 7.062600 0.249735 0.011149 0.968250 -0.984700 0.000000 0.000000 0.000000 1.000000
0.978488 0.028316 -0.204350 0.009000 -0.031183 0.999455 -0.010826 7.062600 0.203932 0.016965 0.978838 -0.984700 0.000000 0.000000 0.000000 1.000000
0.991475 0.025713 -0.127738 0.009000 -0.031234 0.998654 -0.041403 7.062600 0.126501 0.045040 0.990943 -0.984700 0.000000 0.000000 0.000000 1.000000
0.998719 0.012523 -0.049022 0.009000 -0.016291 0.996880 -0.077233 7.062600 0.047902 0.077933 0.995807 -0.984700 0.000000 0.000000 0.000000 1.000000
0.999720 -0.011938 0.020430 0.009000 0.013873 0.995154 -0.097349 7.062600 -0.019168 0.097605 0.995041 -0.984700 0.000000 0.000000 0.000000 1.000000</float_array><technique_common><accessor source="#Spine-Matrix-animation-output-transform-array" count="17" stride="16"><param type="float4x4"/></accessor></technique_common></source><source id="Spine-Interpolations"><Name_array id="Spine-Interpolations-array" count="17">
 LINEAR LINEAR LINEAR LINEAR LINEAR LINEAR LINEAR LINEAR LINEAR LINEAR LINEAR
LINEAR LINEAR LINEAR LINEAR LINEAR LINEAR</Name_array><technique_common><accessor source="#Spine-Interpolations-array" count="17"><param type="name"/></accessor></technique_common></source><sampler id="Spine-Matrix-animation-transform"><input semantic="INPUT" source="#Spine-Matrix-animation-input"/><input semantic="OUTPUT" source="#Spine-Matrix-animation-output-transform"/><input semantic="INTERPOLATION" source="#Spine-Interpolations"/></sampler><channel source="#Spine-Matrix-animation-transform" target="Spine/matrix"/></animation>
    <animation id="Spine1-anim" name="Spine1"><source id="Spine1-Matrix-animation-input"><float_array id="Spine1-Matrix-animation-input-array" count="17">

0.000000 0.033333 0.066667 0.100000 0.133333 0.166667 0.200000 0.233333 0.266667 0.300000 0.333333 0.366667 0.400000 0.433333 0.466667 0.500000
0.533333</float_array><technique_common><accessor source="#Spine1-Matrix-animation-input-array" count="17"><param name="TIME" type="float"/></accessor></technique_common></source><source id="Spine1-Matrix-animation-output-transform"><float_array id="Spine1-Matrix-animation-output-transform-array" count="272">

0.999528 -0.028511 0.011430 0.012400 0.029345 0.996275 -0.081083 8.239700 -0.009076 0.081380 0.996642 -1.148800 0.000000 0.000000 0.000000 1.000000
0.998326 -0.018083 0.054947 0.012400 0.022317 0.996746 -0.077449 8.239700 -0.053367 0.078546 0.995481 -1.148800 0.000000 0.000000 0.000000 1.000000
0.996300 -0.009467 0.085415 0.012400 0.015151 0.997695 -0.066138 8.239700 -0.084592 0.067188 0.994148 -1.148800 0.000000 0.000000 0.000000 1.000000
0.995246 -0.009599 0.096920 0.012400 0.014764 0.998501 -0.052711 8.239700 -0.096269 0.053891 0.993895 -1.148800 0.000000 0.000000 0.000000 1.000000
0.995792 -0.020040 0.089421 0.012400 0.024028 0.998754 -0.043743 8.239700 -0.088433 0.045708 0.995033 -1.148800 0.000000 0.000000 0.000000 1.000000
0.997078 -0.031709 0.069500 0.012400 0.034697 0.998506 -0.042211 8.239700 -0.068058 0.044499 0.996689 -1.148800 0.000000 0.000000 0.000000 1.000000
0.998526 -0.032469 0.043496 0.012400 0.034453 0.998362 -0.045672 8.239700 -0.041941 0.047104 0.998009 -1.148800 0.000000 0.000000 0.000000 1.000000
0.999686 -0.021346 0.013121 0.012400 0.021982 0.998489 -0.050365 8.239700 -0.012026 0.050637 0.998645 -1.148800 0.000000 0.000000 0.000000 1.000000
0.999703 -0.011148 -0.021670 0.012400 0.009977 0.998523 -0.053412 8.239700 0.022233 0.053180 0.998337 -1.148800 0.000000 0.000000 0.000000 1.000000
0.998218 -0.014260 -0.057952 0.012400 0.011256 0.998592 -0.051834 8.239700 0.058609 0.051089 0.996973 -1.148800 0.000000 0.000000 0.000000 1.000000
0.995627 -0.028147 -0.089076 0.012400 0.024420 0.998791 -0.042658 8.239700 0.090169 0.040296 0.995111 -1.148800 0.000000 0.000000 0.000000 1.000000
0.993427 -0.038862 -0.107667 0.012400 0.036181 0.998987 -0.026745 8.239700 0.108598 0.022674 0.993827 -1.148800 0.000000 0.000000 0.000000 1.000000
0.993275 -0.037828 -0.109427 0.012400 0.036536 0.999237 -0.013791 8.239700 0.109866 0.009700 0.993899 -1.148800 0.000000 0.000000 0.000000 1.000000
0.995072 -0.029825 -0.094566 0.012400 0.028354 0.999456 -0.016857 8.239700 0.095017 0.014093 0.995376 -1.148800 0.000000 0.000000 0.000000 1.000000
0.997496 -0.024328 -0.066411 0.012400 0.021848 0.999046 -0.037814 8.239700 0.067267 0.036269 0.997076 -1.148800 0.000000 0.000000 0.000000 1.000000
0.999254 -0.024887 -0.029544 0.012400 0.022948 0.997670 -0.064251 8.239700 0.031074 0.063525 0.997496 -1.148800 0.000000 0.000000 0.000000 1.000000
0.999528 -0.028511 0.011430 0.012400 0.029345 0.996275 -0.081083 8.239700 -0.009076 0.081380 0.996642 -1.148800 0.000000 0.000000 0.000000 1.000000</float_array><technique_common><accessor source="#Spine1-Matrix-animation-output-transform-array" count="17" stride="16"><param type="float4x4"/></accessor></technique_common></source><source id="Spine1-Interpolations"><Name_array id="Spine1-Interpolations-array" count="17">
 LINEAR LINEAR LINEAR LINEAR LINEAR LINEAR LINEAR LINEAR LINEAR LINEAR LINEAR
LINEAR LINEAR LINEAR LINEAR LINEAR LINEAR</Name_array><technique_common><accessor source="#Spine1-Interpolations-array" count="17"><param type="name"/></accessor></technique_common></source><sampler id="Spine1-Matrix-animation-transform"><input semantic="INPUT" source="#Spine1-Matrix-animation-input"/><input semantic="OUTPUT" source="#Spine1-Matrix-animation-output-transform"/><input semantic="INTERPOLATION" source="#Spine1-Interpolations"/></sampler><channel source="#Spine1-Matrix-animation-transform" target="Spine1/matrix"/></animation>
    <animation id="Spine2-anim" name="Spine2"><source id="Spine2-Matrix-animation-input"><float_array id="Spine2-Matrix-animation-input-array" count="17">

0.000000 0.033333 0.066667 0.100000 0.133333 0.166667 0.200000 0.233333 0.266667 0.300000 0.333333 0.366667 0.400000 0.433333 0.466667 0.500000
0.533333</float_array><technique_common><accessor source="#Spine2-Matrix-animation-input-array" count="17"><param name="TIME" type="float"/></accessor></technique_common></source><source id="Spine2-Matrix-animation-output-transform"><float_array id="Spine2-Matrix-animation-output-transform-array" count="272">

0.999536 -0.029208 0.008586 0.014200 0.029809 0.996253 -0.081192 9.416800 -0.006183 0.081410 0.996662 -1.313000 0.000000 0.000000 0.000000 1.000000
0.998401 -0.020331 0.052755 0.014200 0.024425 0.996643 -0.078148 9.416800 -0.050989 0.079312 0.995545 -1.313000 0.000000 0.000000 0.000000 1.000000
0.996398 -0.012669 0.083853 0.014200 0.018322 0.997585 -0.066993 9.416800 -0.082802 0.068288 0.994224 -1.313000 0.000000 0.000000 0.000000 1.000000
0.995330 -0.012902 0.095669 0.014200 0.018091 0.998400 -0.053566 9.416800 -0.094825 0.055046 0.993971 -1.313000 0.000000 0.000000 0.000000 1.000000
0.995857 -0.022744 0.088042 0.014200 0.026749 0.998647 -0.044585 9.416800 -0.086909 0.046755 0.995118 -1.313000 0.000000 0.000000 0.000000 1.000000
0.997132 -0.033572 0.067826 0.014200 0.036536 0.998409 -0.042944 9.416800 -0.066276 0.045299 0.996773 -1.313000 0.000000 0.000000 0.000000 1.000000
0.998563 -0.033520 0.041816 0.014200 0.035441 0.998309 -0.046081 9.416800 -0.040200 0.047496 0.998062 -1.313000 0.000000 0.000000 0.000000 1.000000
0.999696 -0.021609 0.011897 0.014200 0.022182 0.998484 -0.050372 9.416800 -0.010791 0.050621 0.998660 -1.313000 0.000000 0.000000 0.000000 1.000000
0.999695 -0.010659 -0.022266 0.014200 0.009460 0.998536 -0.053257 9.416800 0.022801 0.053030 0.998333 -1.313000 0.000000 0.000000 0.000000 1.000000
0.998220 -0.013237 -0.058153 0.014200 0.010230 0.998610 -0.051713 9.416800 0.058757 0.051026 0.996967 -1.313000 0.000000 0.000000 0.000000 1.000000
0.995649 -0.026974 -0.089189 0.014200 0.023259 0.998828 -0.042435 9.416800 0.090229 0.040176 0.995110 -1.313000 0.000000 0.000000 0.000000 1.000000
0.993457 -0.037821 -0.107767 0.014200 0.035200 0.999039 -0.026121 9.416800 0.108651 0.022157 0.993833 -1.313000 0.000000 0.000000 0.000000 1.000000
0.993302 -0.036864 -0.109506 0.014200 0.035688 0.999283 -0.012677 9.416800 0.109895 0.008684 0.993905 -1.313000 0.000000 0.000000 0.000000 1.000000
0.995070 -0.028735 -0.094922 0.014200 0.027380 0.999504 -0.015551 9.416800 0.095322 0.012876 0.995363 -1.313000 0.000000 0.000000 0.000000 1.000000
0.997443 -0.023236 -0.067580 0.014200 0.020784 0.999108 -0.036756 9.416800 0.068374 0.035258 0.997037 -1.313000 0.000000 0.000000 0.000000 1.000000
0.999199 -0.024354 -0.031761 0.014200 0.022291 0.997717 -0.063751 9.416800 0.033241 0.062992 0.997460 -1.313000 0.000000 0.000000 0.000000 1.000000
0.999536 -0.029208 0.008586 0.014200 0.029809 0.996253 -0.081192 9.416800 -0.006183 0.081410 0.996662 -1.313000 0.000000 0.000000 0.000000 1.000000</float_array><technique_common><accessor source="#Spine2-Matrix-animation-output-transform-array" count="17" stride="16"><param type="float4x4"/></accessor></technique_common></source><source id="Spine2-Interpolations"><Name_array id="Spine2-Interpolations-array" count="17">
 LINEAR LINEAR LINEAR LINEAR LINEAR LINEAR LINEAR LINEAR LINEAR LINEAR LINEAR
LINEAR LINEAR LINEAR LINEAR LINEAR LINEAR</Name_array><technique_common><accessor source="#Spine2-Interpolations-array" count="17"><param type="name"/></accessor></technique_common></source><sampler id="Spine2-Matrix-animation-transform"><input semantic="INPUT" source="#Spine2-Matrix-animation-input"/><input semantic="OUTPUT" source="#Spine2-Matrix-animation-output-transform"/><input semantic="INTERPOLATION" source="#Spine2-Interpolations"/></sampler><channel source="#Spine2-Matrix-animation-transform" target="Spine2/matrix"/></animation>
    <animation id="Neck-anim" name="Neck"><source id="Neck-Matrix-animation-input"><float_array id="Neck-Matrix-animation-input-array" count="17">

0.000000 0.033333 0.066667 0.100000 0.133333 0.166667 0.200000 0.233333 0.266667 0.300000 0.333333 0.366667 0.400000 0.433333 0.466667 0.500000
0.533333</float_array><technique_common><accessor source="#Neck-Matrix-animation-input-array" count="17"><param name="TIME" type="float"/></accessor></technique_common></source><source id="Neck-Matrix-animation-output-transform"><float_array id="Neck-Matrix-animation-output-transform-array" count="272">

0.999391 -0.016546 0.030732 0.016000 0.016766 0.999836 -0.006917 10.593800 -0.030612 0.007428 0.999504 -1.477100 0.000000 0.000000 0.000000 1.000000
0.999612 -0.026090 0.009769 0.016000 0.026282 0.999452 -0.020115 10.593800 -0.009239 0.020364 0.999750 -1.477100 0.000000 0.000000 0.000000 1.000000
0.999037 -0.042306 -0.011630 0.016000 0.041911 0.998599 -0.032305 10.593800 0.012980 0.031787 0.999410 -1.477100 0.000000 0.000000 0.000000 1.000000
0.998120 -0.055948 -0.025010 0.016000 0.054926 0.997697 -0.039805 10.593800 0.027179 0.038356 0.998894 -1.477100 0.000000 0.000000 0.000000 1.000000
0.998173 -0.055690 -0.023423 0.016000 0.054673 0.997620 -0.042007 10.593800 0.025707 0.040650 0.998843 -1.477100 0.000000 0.000000 0.000000 1.000000
0.999197 -0.039159 -0.008463 0.016000 0.038784 0.998419 -0.040687 10.593800 0.010043 0.040326 0.999136 -1.477100 0.000000 0.000000 0.000000 1.000000
0.999793 -0.017521 0.010297 0.016000 0.017890 0.999158 -0.036920 10.593800 -0.009641 0.037097 0.999265 -1.477100 0.000000 0.000000 0.000000 1.000000
0.999687 -0.004769 0.024556 0.016000 0.005568 0.999454 -0.032583 10.593800 -0.024387 0.032709 0.999167 -1.477100 0.000000 0.000000 0.000000 1.000000
0.999396 -0.003587 0.034559 0.016000 0.004748 0.999425 -0.033582 10.593800 -0.034418 0.033726 0.998838 -1.477100 0.000000 0.000000 0.000000 1.000000
0.998939 -0.004566 0.045825 0.016000 0.006634 0.998961 -0.045077 10.593800 -0.045572 0.045333 0.997932 -1.477100 0.000000 0.000000 0.000000 1.000000
0.998181 0.000782 0.060283 0.016000 0.003090 0.997938 -0.064117 10.593800 -0.060209 0.064186 0.996120 -1.477100 0.000000 0.000000 0.000000 1.000000
0.997294 0.009837 0.072860 0.016000 -0.003984 0.996783 -0.080044 10.593800 -0.073413 0.079537 0.994125 -1.477100 0.000000 0.000000 0.000000 1.000000
0.996962 0.013347 0.076737 0.016000 -0.007086 0.996665 -0.081294 10.593800 -0.077567 0.080503 0.993732 -1.477100 0.000000 0.000000 0.000000 1.000000
0.997514 0.006871 0.070133 0.016000 -0.002359 0.997933 -0.064213 10.593800 -0.070429 0.063888 0.995469 -1.477100 0.000000 0.000000 0.000000 1.000000
0.998353 -0.004914 0.057163 0.016000 0.007060 0.999276 -0.037391 10.593800 -0.056938 0.037733 0.997664 -1.477100 0.000000 0.000000 0.000000 1.000000
0.998969 -0.014112 0.043138 0.016000 0.014769 0.999779 -0.014942 10.593800 -0.042917 0.015563 0.998957 -1.477100 0.000000 0.000000 0.000000 1.000000
0.999391 -0.016547 0.030732 0.016000 0.016767 0.999836 -0.006917 10.593800 -0.030612 0.007428 0.999504 -1.477100 0.000000 0.000000 0.000000 1.000000</float_array><technique_common><accessor source="#Neck-Matrix-animation-output-transform-array" count="17" stride="16"><param type="float4x4"/></accessor></technique_common></source><source id="Neck-Interpolations"><Name_array id="Neck-Interpolations-array" count="17">
 LINEAR LINEAR LINEAR LINEAR LINEAR LINEAR LINEAR LINEAR LINEAR LINEAR LINEAR
LINEAR LINEAR LINEAR LINEAR LINEAR LINEAR</Name_array><technique_common><accessor source="#Neck-Interpolations-array" count="17"><param type="name"/></accessor></technique_common></source><sampler id="Neck-Matrix-animation-transform"><input semantic="INPUT" source="#Neck-Matrix-animation-input"/><input semantic="OUTPUT" source="#Neck-Matrix-animation-output-transform"/><input semantic="INTERPOLATION" source="#Neck-Interpolations"/></sampler><channel source="#Neck-Matrix-animation-transform" target="Neck/matrix"/></animation>
    <animation id="Head-anim" name="Head"><source id="Head-Matrix-animation-input"><float_array id="Head-Matrix-animation-input-array" count="17">

0.000000 0.033333 0.066667 0.100000 0.133333 0.166667 0.200000 0.233333 0.266667 0.300000 0.333333 0.366667 0.400000 0.433333 0.466667 0.500000
0.533333</float_array><technique_common><accessor source="#Head-Matrix-animation-input-array" count="17"><param name="TIME" type="float"/></accessor></technique_common></source><source id="Head-Matrix-animation-output-transform"><float_array id="Head-Matrix-animation-output-transform-array" count="272">

0.893260 -0.080022 0.442362 0.000000 -0.033817 0.969279 0.243628 5.056400 -0.448267 -0.232583 0.863112 0.719600 0.000000 0.000000 0.000000 1.000000
0.951137 -0.072405 0.300159 0.000000 -0.006028 0.967577 0.252504 5.056400 -0.308709 -0.241975 0.919862 0.719600 0.000000 0.000000 0.000000 1.000000
0.987236 -0.061436 0.146941 0.000000 0.025750 0.972039 0.233405 5.056400 -0.157171 -0.226642 0.961213 0.719600 0.000000 0.000000 0.000000 1.000000
0.997365 -0.047030 0.055237 0.000000 0.035349 0.979948 0.196094 5.056400 -0.063352 -0.193625 0.979028 0.719600 0.000000 0.000000 0.000000 1.000000
0.996639 -0.031158 0.075768 0.000000 0.018206 0.985963 0.165970 5.056400 -0.079876 -0.164032 0.983216 0.719600 0.000000 0.000000 0.000000 1.000000
0.983157 -0.023006 0.181307 -0.000000 -0.006321 0.987171 0.159539 5.056400 -0.182652 -0.157998 0.970399 0.719600 0.000000 0.000000 0.000000 1.000000
0.955239 -0.032214 0.294077 0.000000 -0.020914 0.984213 0.175748 5.056400 -0.295095 -0.174032 0.939485 0.719600 0.000000 0.000000 0.000000 1.000000
0.927680 -0.053926 0.369461 0.000000 -0.021931 0.979937 0.198097 5.056400 -0.372731 -0.191873 0.907886 0.719600 0.000000 0.000000 0.000000 1.000000
0.899660 -0.072082 0.430599 0.000000 -0.018427 0.979128 0.202406 5.056400 -0.436202 -0.190031 0.879554 0.719600 0.000000 0.000000 0.000000 1.000000
0.851723 -0.076330 0.518403 0.000000 -0.019230 0.984113 0.176497 5.056400 -0.523639 -0.160296 0.836724 0.719600 0.000000 0.000000 0.000000 1.000000
0.776868 -0.070230 0.625735 0.000000 -0.016975 0.991063 0.132308 5.056400 -0.629435 -0.113407 0.768733 0.719600 0.000000 0.000000 0.000000 1.000000
0.707600 -0.065324 0.703587 0.000000 -0.005298 0.995199 0.097727 5.056400 -0.706594 -0.072879 0.703857 0.719600 0.000000 0.000000 0.000000 1.000000
0.691222 -0.068152 0.719422 0.000000 0.002881 0.995795 0.091565 5.056400 -0.722637 -0.061219 0.688511 0.719600 0.000000 0.000000 0.000000 1.000000
0.733377 -0.075149 0.675656 0.000000 -0.003611 0.993427 0.114413 5.056400 -0.679812 -0.086348 0.728285 0.719600 0.000000 0.000000 0.000000 1.000000
0.798113 -0.080415 0.597118 0.000000 -0.018396 0.987339 0.157556 5.056400 -0.602227 -0.136732 0.786528 0.719600 0.000000 0.000000 0.000000 1.000000
0.853895 -0.081845 0.513969 0.000000 -0.030181 0.978108 0.205896 5.056400 -0.519569 -0.191326 0.832732 0.719600 0.000000 0.000000 0.000000 1.000000
0.893259 -0.080022 0.442362 0.000000 -0.033817 0.969279 0.243628 5.056400 -0.448268 -0.232583 0.863111 0.719600 0.000000 0.000000 0.000000 1.000000</float_array><technique_common><accessor source="#Head-Matrix-animation-output-transform-array" count="17" stride="16"><param type="float4x4"/></accessor></technique_common></source><source id="Head-Interpolations"><Name_array id="Head-Interpolations-array" count="17">
 LINEAR LINEAR LINEAR LINEAR LINEAR LINEAR LINEAR LINEAR LINEAR LINEAR LINEAR
LINEAR LINEAR LINEAR LINEAR LINEAR LINEAR</Name_array><technique_common><accessor source="#Head-Interpolations-array" count="17"><param type="name"/></accessor></technique_common></source><sampler id="Head-Matrix-animation-transform"><input semantic="INPUT" source="#Head-Matrix-animation-input"/><input semantic="OUTPUT" source="#Head-Matrix-animation-output-transform"/><input semantic="INTERPOLATION" source="#Head-Interpolations"/></sampler><channel source="#Head-Matrix-animation-transform" target="Head/matrix"/></animation>
    <animation id="LeftShoulder-anim" name="LeftShoulder"><source id="LeftShoulder-Matrix-animation-input"><float_array id="LeftShoulder-Matrix-animation-input-array" count="17">

0.000000 0.033333 0.066667 0.100000 0.133333 0.166667 0.200000 0.233333 0.266667 0.300000 0.333333 0.366667 0.400000 0.433333 0.466667 0.500000
0.533333</float_array><technique_common><accessor source="#LeftShoulder-Matrix-animation-input-array" count="17"><param name="TIME" type="float"/></accessor></technique_common></source><source id="LeftShoulder-Matrix-animation-output-transform"><float_array id="LeftShoulder-Matrix-animation-output-transform-array" count="272">

0.993151 0.115950 0.014373 3.528500 -0.115840 0.993234 -0.008242 8.730400 -0.015232 0.006521 0.999863 -1.456100 0.000000 0.000000 0.000000 1.000000
0.997970 0.063182 0.007950 3.528500 -0.063133 0.997985 -0.006285 8.730400 -0.008331 0.005770 0.999949 -1.456100 0.000000 0.000000 0.000000 1.000000
0.999751 0.001730 -0.022252 3.528500 -0.001883 0.999975 -0.006853 8.730400 0.022240 0.006894 0.999729 -1.456100 0.000000 0.000000 0.000000 1.000000
0.998471 -0.037309 -0.040784 3.528500 0.036965 0.999275 -0.009158 8.730400 0.041096 0.007636 0.999126 -1.456100 0.000000 0.000000 0.000000 1.000000
0.999612 -0.022509 -0.016401 3.528500 0.022411 0.999730 -0.006124 8.730400 0.016534 0.005754 0.999847 -1.456100 0.000000 0.000000 0.000000 1.000000
0.998043 0.046641 0.041642 3.528500 -0.046562 0.998911 -0.002858 8.730400 -0.041730 0.000913 0.999129 -1.456100 0.000000 0.000000 0.000000 1.000000
0.988279 0.127961 0.083248 3.528500 -0.127772 0.991774 -0.007621 8.730400 -0.083538 -0.003105 0.996500 -1.456100 0.000000 0.000000 0.000000 1.000000
0.983035 0.169831 0.069282 3.528500 -0.169483 0.985473 -0.010912 8.730400 -0.070129 -0.001015 0.997537 -1.456100 0.000000 0.000000 0.000000 1.000000
0.987664 0.156095 0.012454 3.528500 -0.155992 0.987719 -0.008842 8.730400 -0.013681 0.006790 0.999883 -1.456100 0.000000 0.000000 0.000000 1.000000
0.992768 0.114011 -0.037606 3.528500 -0.114426 0.993390 -0.009075 8.730400 0.036322 0.013313 0.999251 -1.456100 0.000000 0.000000 0.000000 1.000000
0.995446 0.084453 -0.044222 3.528500 -0.084967 0.996335 -0.009873 8.730400 0.043226 0.013586 0.998973 -1.456100 0.000000 0.000000 0.000000 1.000000
0.995920 0.088305 -0.018589 3.528500 -0.088474 0.996042 -0.008496 8.730400 0.017766 0.010106 0.999791 -1.456100 0.000000 0.000000 0.000000 1.000000
0.992902 0.118934 0.000141 3.528500 -0.118929 0.992866 -0.008510 8.730400 -0.001152 0.008433 0.999964 -1.456100 0.000000 0.000000 0.000000 1.000000
0.988234 0.152791 -0.006922 3.528500 -0.152853 0.988203 -0.009499 8.730400 0.005389 0.010446 0.999931 -1.456100 0.000000 0.000000 0.000000 1.000000
0.985759 0.166841 -0.021047 3.528500 -0.167067 0.985900 -0.009486 8.730400 0.019168 0.012867 0.999733 -1.456100 0.000000 0.000000 0.000000 1.000000
0.988054 0.153260 -0.016148 3.528500 -0.153423 0.988116 -0.009383 8.730400 0.014518 0.011749 0.999826 -1.456100 0.000000 0.000000 0.000000 1.000000
0.993151 0.115950 0.014373 3.528500 -0.115841 0.993234 -0.008242 8.730400 -0.015232 0.006521 0.999863 -1.456100 0.000000 0.000000 0.000000 1.000000</float_array><technique_common><accessor source="#LeftShoulder-Matrix-animation-output-transform-array" count="17" stride="16"><param type="float4x4"/></accessor></technique_common></source><source id="LeftShoulder-Interpolations"><Name_array id="LeftShoulder-Interpolations-array" count="17">
 LINEAR LINEAR LINEAR LINEAR LINEAR LINEAR LINEAR LINEAR LINEAR LINEAR LINEAR
LINEAR LINEAR LINEAR LINEAR LINEAR LINEAR</Name_array><technique_common><accessor source="#LeftShoulder-Interpolations-array" count="17"><param type="name"/></accessor></technique_common></source><sampler id="LeftShoulder-Matrix-animation-transform"><input semantic="INPUT" source="#LeftShoulder-Matrix-animation-input"/><input semantic="OUTPUT" source="#LeftShoulder-Matrix-animation-output-transform"/><input semantic="INTERPOLATION" source="#LeftShoulder-Interpolations"/></sampler><channel source="#LeftShoulder-Matrix-animation-transform" target="LeftShoulder/matrix"/></animation>
    <animation id="LeftArm-anim" name="LeftArm"><source id="LeftArm-Matrix-animation-input"><float_array id="LeftArm-Matrix-animation-input-array" count="17">

0.000000 0.033333 0.066667 0.100000 0.133333 0.166667 0.200000 0.233333 0.266667 0.300000 0.333333 0.366667 0.400000 0.433333 0.466667 0.500000
0.533333</float_array><technique_common><accessor source="#LeftArm-Matrix-animation-input-array" count="17"><param name="TIME" type="float"/></accessor></technique_common></source><source id="LeftArm-Matrix-animation-output-transform"><float_array id="LeftArm-Matrix-animation-output-transform-array" count="272">

0.468041 0.813962 -0.344097 7.613200 -0.795749 0.218844 -0.564704 -2.298200 -0.384344 0.538119 0.750138 0.042100 0.000000 0.000000 0.000000 1.000000
0.519766 0.759383 -0.391383 7.613200 -0.647953 0.051841 -0.759914 -2.298200 -0.556776 0.648575 0.518990 0.042100 0.000000 0.000000 0.000000 1.000000
0.555253 0.747104 -0.365417 7.613200 -0.491739 -0.059432 -0.868712 -2.298200 -0.670736 0.662045 0.334380 0.042100 0.000000 0.000000 0.000000 1.000000
0.553954 0.770001 -0.316596 7.613200 -0.407016 -0.081260 -0.909799 -2.298200 -0.726273 0.632846 0.268389 0.042100 0.000000 0.000000 0.000000 1.000000
0.515008 0.803463 -0.298689 7.613200 -0.450580 -0.042682 -0.891715 -2.298200 -0.729208 0.593823 0.340043 0.042100 0.000000 0.000000 0.000000 1.000000
0.478938 0.822714 -0.306201 7.613200 -0.601651 0.053633 -0.796957 -2.298200 -0.639245 0.565919 0.520674 0.042100 0.000000 0.000000 0.000000 1.000000
0.486348 0.812425 -0.321607 7.613200 -0.767537 0.221335 -0.601579 -2.298200 -0.417555 0.539423 0.731212 0.042100 0.000000 0.000000 0.000000 1.000000
0.498524 0.794366 -0.347069 7.613200 -0.857786 0.394207 -0.329855 -2.298200 -0.125209 0.462151 0.877917 0.042100 0.000000 0.000000 0.000000 1.000000
0.505601 0.791081 -0.344325 7.613200 -0.852185 0.520219 -0.056139 -2.298200 0.134714 0.321812 0.937171 0.042100 0.000000 0.000000 0.000000 1.000000
0.547651 0.779238 -0.304741 7.613200 -0.766310 0.613351 0.191231 -2.298200 0.335928 0.128798 0.933040 0.042100 0.000000 0.000000 0.000000 1.000000
0.625781 0.734258 -0.263181 7.613200 -0.649480 0.677360 0.345484 -2.298200 0.431943 -0.045267 0.900764 0.042100 0.000000 0.000000 0.000000 1.000000
0.696864 0.674421 -0.243999 7.613200 -0.595137 0.733623 0.328039 -2.298200 0.400240 -0.083386 0.912609 0.042100 0.000000 0.000000 0.000000 1.000000
0.705714 0.663219 -0.249214 7.613200 -0.648093 0.746412 0.151143 -2.298200 0.286257 0.054850 0.956582 0.042100 0.000000 0.000000 0.000000 1.000000
0.645537 0.707617 -0.287334 7.613200 -0.751542 0.655506 -0.074135 -2.298200 0.135891 0.263801 0.954957 0.042100 0.000000 0.000000 0.000000 1.000000
0.565370 0.756813 -0.328010 7.613200 -0.824634 0.509786 -0.245146 -2.298200 -0.018314 0.409087 0.912312 0.042100 0.000000 0.000000 0.000000 1.000000
0.511091 0.790122 -0.338368 7.613200 -0.840118 0.376028 -0.390904 -2.298200 -0.181626 0.484056 0.855980 0.042100 0.000000 0.000000 0.000000 1.000000
0.468041 0.813962 -0.344097 7.613200 -0.795749 0.218844 -0.564704 -2.298200 -0.384344 0.538119 0.750138 0.042100 0.000000 0.000000 0.000000 1.000000</float_array><technique_common><accessor source="#LeftArm-Matrix-animation-output-transform-array" count="17" stride="16"><param type="float4x4"/></accessor></technique_common></source><source id="LeftArm-Interpolations"><Name_array id="LeftArm-Interpolations-array" count="17">
 LINEAR LINEAR LINEAR LINEAR LINEAR LINEAR LINEAR LINEAR LINEAR LINEAR LINEAR
LINEAR LINEAR LINEAR LINEAR LINEAR LINEAR</Name_array><technique_common><accessor source="#LeftArm-Interpolations-array" count="17"><param type="name"/></accessor></technique_common></source><sampler id="LeftArm-Matrix-animation-transform"><input semantic="INPUT" source="#LeftArm-Matrix-animation-input"/><input semantic="OUTPUT" source="#LeftArm-Matrix-animation-output-transform"/><input semantic="INTERPOLATION" source="#LeftArm-Interpolations"/></sampler><channel source="#LeftArm-Matrix-animation-transform" target="LeftArm/matrix"/></animation>
    <animation id="LeftForeArm-anim" name="LeftForeArm"><source id="LeftForeArm-Matrix-animation-input"><float_array id="LeftForeArm-Matrix-animation-input-array" count="17">

0.000000 0.033333 0.066667 0.100000 0.133333 0.166667 0.200000 0.233333 0.266667 0.300000 0.333333 0.366667 0.400000 0.433333 0.466667 0.500000
0.533333</float_array><technique_common><accessor source="#LeftForeArm-Matrix-animation-input-array" count="17"><param name="TIME" type="float"/></accessor></technique_common></source><source id="LeftForeArm-Matrix-animation-output-transform"><float_array id="LeftForeArm-Matrix-animation-output-transform-array" count="272">

0.585092 -0.011032 -0.810892 18.914600 0.006164 0.999939 -0.009156 0.205500 0.810944 0.000358 0.585124 -1.585600 0.000000 0.000000 0.000000 1.000000
0.441630 -0.011052 -0.897129 18.914600 0.004589 0.999939 -0.010059 0.205500 0.897186 0.000325 0.441653 -1.585600 0.000000 0.000000 0.000000 1.000000
0.307401 -0.011064 -0.951516 18.914600 0.003121 0.999939 -0.010619 0.205500 0.951575 0.000295 0.307417 -1.585600 0.000000 0.000000 0.000000 1.000000
0.230395 -0.011069 -0.973034 18.914600 0.002281 0.999939 -0.010835 0.205500 0.973095 0.000277 0.230406 -1.585600 0.000000 0.000000 0.000000 1.000000
0.232173 -0.011069 -0.972611 18.914600 0.002301 0.999939 -0.010831 0.205500 0.972672 0.000277 0.232185 -1.585600 0.000000 0.000000 0.000000 1.000000
0.287105 -0.011066 -0.957835 18.914600 0.002900 0.999939 -0.010683 0.205500 0.957895 0.000290 0.287119 -1.585600 0.000000 0.000000 0.000000 1.000000
0.346531 -0.011061 -0.937973 18.914600 0.003549 0.999939 -0.010481 0.205500 0.938032 0.000303 0.346549 -1.585600 0.000000 0.000000 0.000000 1.000000
0.367589 -0.011060 -0.929923 18.914600 0.003779 0.999939 -0.010398 0.205500 0.929981 0.000308 0.367608 -1.585600 0.000000 0.000000 0.000000 1.000000
0.316828 -0.011064 -0.948419 18.914600 0.003224 0.999939 -0.010588 0.205500 0.948478 0.000297 0.316844 -1.585600 0.000000 0.000000 0.000000 1.000000
0.170490 -0.011073 -0.985297 18.914600 0.001629 0.999939 -0.010955 0.205500 0.985358 0.000263 0.170498 -1.585600 0.000000 0.000000 0.000000 1.000000
-0.051706 -0.011074 -0.998601 18.914600 -0.000784 0.999939 -0.011048 0.205500 0.998662 0.000212 -0.051712 -1.585600 0.000000 0.000000 0.000000 1.000000
-0.246621 -0.011068 -0.969049 18.914600 -0.002891 0.999939 -0.010685 0.205500 0.969108 0.000167 -0.246638 -1.585600 0.000000 0.000000 0.000000 1.000000
-0.278840 -0.011065 -0.960274 18.914600 -0.003239 0.999939 -0.010582 0.205500 0.960332 0.000159 -0.278858 -1.585600 0.000000 0.000000 0.000000 1.000000
-0.081501 -0.011074 -0.996612 18.914600 -0.001107 0.999939 -0.011020 0.205500 0.996673 0.000205 -0.081508 -1.585600 0.000000 0.000000 0.000000 1.000000
0.255235 -0.011068 -0.966816 18.914600 0.002552 0.999939 -0.010773 0.205500 0.966876 0.000282 0.255248 -1.585600 0.000000 0.000000 0.000000 1.000000
0.514704 -0.011043 -0.857297 18.914600 0.005391 0.999939 -0.009644 0.205500 0.857351 0.000342 0.514732 -1.585600 0.000000 0.000000 0.000000 1.000000
0.585092 -0.011032 -0.810892 18.914600 0.006165 0.999939 -0.009156 0.205500 0.810944 0.000358 0.585124 -1.585600 0.000000 0.000000 0.000000 1.000000</float_array><technique_common><accessor source="#LeftForeArm-Matrix-animation-output-transform-array" count="17" stride="16"><param type="float4x4"/></accessor></technique_common></source><source id="LeftForeArm-Interpolations"><Name_array id="LeftForeArm-Interpolations-array" count="17">
 LINEAR LINEAR LINEAR LINEAR LINEAR LINEAR LINEAR LINEAR LINEAR LINEAR LINEAR
LINEAR LINEAR LINEAR LINEAR LINEAR LINEAR</Name_array><technique_common><accessor source="#LeftForeArm-Interpolations-array" count="17"><param type="name"/></accessor></technique_common></source><sampler id="LeftForeArm-Matrix-animation-transform"><input semantic="INPUT" source="#LeftForeArm-Matrix-animation-input"/><input semantic="OUTPUT" source="#LeftForeArm-Matrix-animation-output-transform"/><input semantic="INTERPOLATION" source="#LeftForeArm-Interpolations"/></sampler><channel source="#LeftForeArm-Matrix-animation-transform" target="LeftForeArm/matrix"/></animation>
    <animation id="LeftHand-anim" name="LeftHand"><source id="LeftHand-Matrix-animation-input"><float_array id="LeftHand-Matrix-animation-input-array" count="17">

0.000000 0.033333 0.066667 0.100000 0.133333 0.166667 0.200000 0.233333 0.266667 0.300000 0.333333 0.366667 0.400000 0.433333 0.466667 0.500000
0.533333</float_array><technique_common><accessor source="#LeftHand-Matrix-animation-input-array" count="17"><param name="TIME" type="float"/></accessor></technique_common></source><source id="LeftHand-Matrix-animation-output-transform"><float_array id="LeftHand-Matrix-animation-output-transform-array" count="272">

0.808065 -0.182060 -0.560254 18.436199 0.429571 0.832901 0.348919 0.000000 0.403112 -0.522618 0.751246 0.000000 0.000000 0.000000 0.000000 1.000000
0.804433 -0.161595 -0.571643 18.436199 0.425612 0.828097 0.364842 -0.000000 0.414419 -0.536788 0.734925 -0.000000 0.000000 0.000000 0.000000 1.000000
0.798269 -0.143713 -0.584904 18.436199 0.428709 0.817684 0.384188 -0.000000 0.423054 -0.557439 0.714343 0.000000 0.000000 0.000000 0.000000 1.000000
0.789249 -0.141101 -0.597642 18.436199 0.452326 0.791817 0.410399 -0.000000 0.415316 -0.594236 0.688764 0.000000 0.000000 0.000000 0.000000 1.000000
0.775471 -0.149182 -0.613506 18.436199 0.492963 0.750190 0.440685 0.000000 0.394504 -0.644174 0.655291 0.000000 0.000000 0.000000 0.000000 1.000000
0.758339 -0.152629 -0.633740 18.436199 0.526996 0.715754 0.458227 0.000000 0.383663 -0.681470 0.623219 0.000000 0.000000 0.000000 0.000000 1.000000
0.738416 -0.156475 -0.655940 18.436199 0.542254 0.716022 0.439627 0.000000 0.400877 -0.680314 0.613571 0.000000 0.000000 0.000000 0.000000 1.000000
0.716574 -0.175187 -0.675152 18.436199 0.544539 0.745393 0.384535 0.000000 0.435888 -0.643195 0.629525 0.000000 0.000000 0.000000 0.000000 1.000000
0.703656 -0.204502 -0.680476 18.436199 0.543791 0.771409 0.330485 -0.000000 0.457340 -0.602584 0.654013 0.000000 0.000000 0.000000 0.000000 1.000000
0.714905 -0.228538 -0.660819 18.436199 0.540182 0.780600 0.314431 0.000000 0.443976 -0.581751 0.681507 0.000000 0.000000 0.000000 0.000000 1.000000
0.751587 -0.244825 -0.612518 18.436199 0.520381 0.790701 0.322485 -0.000000 0.405366 -0.561118 0.721682 0.000000 0.000000 0.000000 0.000000 1.000000
0.790246 -0.260270 -0.554771 18.436199 0.484962 0.819047 0.306552 0.000000 0.374597 -0.511294 0.773470 0.000000 0.000000 0.000000 0.000000 1.000000
0.801505 -0.283564 -0.526480 18.436199 0.466115 0.847782 0.252988 0.000000 0.374601 -0.448171 0.811675 0.000000 0.000000 0.000000 0.000000 1.000000
0.785226 -0.310675 -0.535632 18.436199 0.480449 0.851383 0.210514 -0.000000 0.390626 -0.422645 0.817791 0.000000 0.000000 0.000000 0.000000 1.000000
0.771999 -0.308848 -0.555545 18.436199 0.497231 0.837896 0.225148 0.000000 0.395952 -0.450048 0.800424 0.000000 0.000000 0.000000 0.000000 1.000000
0.783058 -0.261352 -0.564372 18.436199 0.481707 0.828855 0.284531 -0.000000 0.393420 -0.494666 0.774937 -0.000000 0.000000 0.000000 0.000000 1.000000
