<?xml version="1.0" encoding="utf-8"?>
<COLLADA xmlns="http://www.collada.org/2005/11/COLLADASchema" version="1.4.1">
  <asset><contributor><author>Mixamo</author><authoring_tool>COLLADA Mixamo exporter</authoring_tool><comments></comments></contributor><created>2018-10-29T23:07:59Z</created><modified>2018-10-29T23:07:59Z</modified><revision></revision><title></title><unit meter="0.010000"/><up_axis>Y_UP</up_axis></asset>
  <library_animations>
    <animation id="Hips-anim" name="Hips"><source id="Hips-Matrix-animation-input"><float_array id="Hips-Matrix-animation-input-array" count="20">

0.000000 0.033333 0.066667 0.100000 0.133333 0.166667 0.200000 0.233333 0.266667 0.300000 0.333333 0.366667 0.400000 0.433333 0.466667 0.500000
0.533333 0.566667 0.600000 0.633333</float_array><technique_common><accessor source="#Hips-Matrix-animation-input-array" count="20"><param name="TIME" type="float"/></accessor></technique_common></source><source id="Hips-Matrix-animation-output-transform"><float_array id="Hips-Matrix-animation-output-transform-array" count="320">

0.991347 0.088325 -0.097108 0.162570 -0.100987 0.985778 -0.134329 72.450424 0.083862 0.142973 0.986167 1.204396 0.000000 0.000000 0.000000 1.000000
0.994797 0.055183 -0.085642 -0.020235 -0.067078 0.987462 -0.142895 73.922020 0.076683 0.147896 0.986026 18.337339 0.000000 0.000000 0.000000 1.000000
0.997378 0.020339 -0.069456 -0.312404 -0.031982 0.984771 -0.170891 75.926590 0.064923 0.172665 0.982839 33.601444 0.000000 0.000000 0.000000 1.000000
0.998095 0.015532 -0.059710 -0.552869 -0.025959 0.983680 -0.178044 77.212097 0.055971 0.179255 0.982209 48.398918 0.000000 0.000000 0.000000 1.000000
0.999643 0.008053 -0.025488 -0.672628 -0.011717 0.989058 -0.147063 77.058075 0.024025 0.147309 0.988799 62.521294 0.000000 0.000000 0.000000 1.000000
0.998858 -0.016129 0.044972 -0.479218 0.021258 0.993020 -0.116014 75.421974 -0.042787 0.116838 0.992229 76.948433 0.000000 0.000000 0.000000 1.000000
0.992437 -0.053614 0.110428 -0.262130 0.066407 0.991069 -0.115637 73.590057 -0.103242 0.122095 0.987134 91.881325 0.000000 0.000000 0.000000 1.000000
0.983807 -0.112795 0.139287 0.242972 0.132679 0.980807 -0.142877 72.056374 -0.120498 0.159044 0.979890 104.816154 0.000000 0.000000 0.000000 1.000000
0.977936 -0.144219 0.151137 0.183530 0.170178 0.969580 -0.175939 70.766960 -0.121165 0.197777 0.972730 119.853569 0.000000 0.000000 0.000000 1.000000
0.983300 -0.102289 0.150527 0.227136 0.131431 0.971234 -0.198569 71.217064 -0.125885 0.215037 0.968459 137.437241 0.000000 0.000000 0.000000 1.000000
0.986431 -0.060013 0.152816 0.594704 0.091449 0.973876 -0.207853 72.251801 -0.136350 0.219007 0.966149 156.276062 0.000000 0.000000 0.000000 1.000000
0.987311 -0.028956 0.156138 0.987148 0.062234 0.975138 -0.212682 74.519569 -0.146098 0.219700 0.964566 172.643021 0.000000 0.000000 0.000000 1.000000
0.988481 -0.018084 0.150264 0.958331 0.050226 0.975767 -0.212971 76.430946 -0.142771 0.218065 0.965435 187.918472 0.000000 0.000000 0.000000 1.000000
0.989274 -0.009237 0.145782 0.953531 0.038283 0.979509 -0.197726 77.835358 -0.140969 0.201186 0.969356 201.912460 0.000000 0.000000 0.000000 1.000000
0.991314 -0.010612 0.131087 0.906347 0.033213 0.984631 -0.171461 77.529587 -0.127252 0.174325 0.976431 216.827866 0.000000 0.000000 0.000000 1.000000
0.996092 -0.016887 0.086692 0.903365 0.030448 0.987037 -0.157577 76.302322 -0.082907 0.159601 0.983694 231.157318 0.000000 0.000000 0.000000 1.000000
0.999987 -0.002676 0.004371 0.662305 0.003357 0.986457 -0.163986 74.745720 -0.003873 0.163998 0.986453 246.385849 0.000000 0.000000 0.000000 1.000000
0.996576 0.041676 -0.071406 0.286581 -0.052747 0.985552 -0.160948 73.570541 0.063666 0.164163 0.984376 261.188446 0.000000 0.000000 0.000000 1.000000
0.991432 0.085687 -0.098588 0.275044 -0.099382 0.984628 -0.143638 72.460312 0.084765 0.152205 0.984707 275.798004 0.000000 0.000000 0.000000 1.000000
0.991347 0.088325 -0.097108 0.162570 -0.100987 0.985778 -0.134329 72.450424 0.083862 0.142973 0.986167 293.275543 0.000000 0.000000 0.000000 1.000000</float_array><technique_common><accessor source="#Hips-Matrix-animation-output-transform-array" count="20" stride="16"><param type="float4x4"/></accessor></technique_common></source><source id="Hips-Interpolations"><Name_array id="Hips-Interpolations-array" count="20">
 LINEAR LINEAR LINEAR LINEAR LINEAR LINEAR LINEAR LINEAR LINEAR LINEAR LINEAR
LINEAR LINEAR LINEAR LINEAR LINEAR LINEAR LINEAR LINEAR LINEAR</Name_array><technique_common><accessor source="#Hips-Interpolations-array" count="20"><param type="name"/></accessor></technique_common></source><sampler id="Hips-Matrix-animation-transform"><input semantic="INPUT" source="#Hips-Matrix-animation-input"/><input semantic="OUTPUT" source="#Hips-Matrix-animation-output-transform"/><input semantic="INTERPOLATION" source="#Hips-Interpolations"/></sampler><channel source="#Hips-Matrix-animation-transform" target="Hips/matrix"/></animation>
    <animation id="Spine-anim" name="Spine"><source id="Spine-Matrix-animation-input"><float_array id="Spine-Matrix-animation-input-array" count="20">

0.000000 0.033333 0.066667 0.100000 0.133333 0.166667 0.200000 0.233333 0.266667 0.300000 0.333333 0.366667 0.400000 0.433333 0.466667 0.500000
0.533333 0.566667 0.600000 0.633333</float_array><technique_common><accessor source="#Spine-Matrix-animation-input-array" count="20"><param name="TIME" type="float"/></accessor></technique_common></source><source id="Spine-Matrix-animation-output-transform"><float_array id="Spine-Matrix-animation-output-transform-array" count="320">

0.967335 -0.050093 0.248502 0.009000 0.105318 0.971093 -0.214213 7.062600 -0.230588 0.233388 0.944648 -0.984700 0.000000 0.000000 0.000000 1.000000
0.961026 -0.012353 0.276183 0.009000 0.053766 0.988278 -0.142883 7.062600 -0.271181 0.152163 0.950425 -0.984700 0.000000 0.000000 0.000000 1.000000
0.957369 0.011660 0.288631 0.009000 0.009188 0.997450 -0.070770 7.062600 -0.288720 0.070405 0.954821 -0.984700 0.000000 0.000000 0.000000 1.000000
0.956221 0.003483 0.292625 0.009000 0.011246 0.998753 -0.048635 7.062600 -0.292430 0.049796 0.954990 -0.984700 0.000000 0.000000 0.000000 1.000000
0.968277 0.023925 0.248730 0.009000 0.002509 0.994424 -0.105422 7.062600 -0.249865 0.102702 0.962819 -0.984700 0.000000 0.000000 0.000000 1.000000
0.985957 0.076790 0.148298 0.009000 -0.048611 0.981526 -0.185052 7.062600 -0.159769 0.175245 0.971475 -0.984700 0.000000 0.000000 0.000000 1.000000
0.991364 0.128246 0.027385 0.009000 -0.118082 0.963820 -0.238972 7.062600 -0.057042 0.233674 0.970640 -0.984700 0.000000 0.000000 0.000000 1.000000
0.980854 0.178090 -0.078798 0.009000 -0.192345 0.949234 -0.248916 7.062600 0.030469 0.259306 0.965314 -0.984700 0.000000 0.000000 0.000000 1.000000
0.964571 0.203127 -0.168350 0.009000 -0.234278 0.952910 -0.192552 7.062600 0.121310 0.225171 0.966738 -0.984700 0.000000 0.000000 0.000000 1.000000
0.957791 0.167167 -0.233862 0.009000 -0.192015 0.977466 -0.087701 7.062600 0.213931 0.128904 0.968306 -0.984700 0.000000 0.000000 0.000000 1.000000
0.950482 0.120165 -0.286609 0.009000 -0.121651 0.992492 0.012684 7.062600 0.285981 0.022811 0.957964 -0.984700 0.000000 0.000000 0.000000 1.000000
0.946419 0.076851 -0.313665 0.009000 -0.061272 0.996362 0.059240 7.062600 0.317077 -0.036847 0.947684 -0.984700 0.000000 0.000000 0.000000 1.000000
0.948630 0.061262 -0.310399 0.009000 -0.044888 0.997211 0.059631 7.062600 0.313186 -0.042634 0.948734 -0.984700 0.000000 0.000000 0.000000 1.000000
0.955457 0.049212 -0.290997 0.009000 -0.043445 0.998711 0.026248 7.062600 0.291914 -0.012436 0.956364 -0.984700 0.000000 0.000000 0.000000 1.000000
0.969772 0.033237 -0.241740 0.009000 -0.043636 0.998332 -0.037792 7.062600 0.240081 0.047198 0.969605 -0.984700 0.000000 0.000000 0.000000 1.000000
0.988819 0.010772 -0.148734 0.009000 -0.029889 0.991464 -0.126905 7.062600 0.146097 0.129932 0.980700 -0.984700 0.000000 0.000000 0.000000 1.000000
0.999689 -0.016682 -0.018543 0.009000 0.012375 0.977206 -0.211932 7.062600 0.021656 0.211636 0.977109 -0.984700 0.000000 0.000000 0.000000 1.000000
0.993240 -0.048751 0.105342 0.009000 0.074582 0.963436 -0.257351 7.062600 -0.088944 0.263468 0.960559 -0.984700 0.000000 0.000000 0.000000 1.000000
0.978533 -0.068125 0.194505 0.009000 0.117396 0.959951 -0.254385 7.062600 -0.169385 0.271758 0.947342 -0.984700 0.000000 0.000000 0.000000 1.000000
0.967335 -0.050093 0.248502 0.009000 0.105318 0.971093 -0.214214 7.062600 -0.230588 0.233388 0.944648 -0.984700 0.000000 0.000000 0.000000 1.000000</float_array><technique_common><accessor source="#Spine-Matrix-animation-output-transform-array" count="20" stride="16"><param type="float4x4"/></accessor></technique_common></source><source id="Spine-Interpolations"><Name_array id="Spine-Interpolations-array" count="20">
 LINEAR LINEAR LINEAR LINEAR LINEAR LINEAR LINEAR LINEAR LINEAR LINEAR LINEAR
LINEAR LINEAR LINEAR LINEAR LINEAR LINEAR LINEAR LINEAR LINEAR</Name_array><technique_common><accessor source="#Spine-Interpolations-array" count="20"><param type="name"/></accessor></technique_common></source><sampler id="Spine-Matrix-animation-transform"><input semantic="INPUT" source="#Spine-Matrix-animation-input"/><input semantic="OUTPUT" source="#Spine-Matrix-animation-output-transform"/><input semantic="INTERPOLATION" source="#Spine-Interpolations"/></sampler><channel source="#Spine-Matrix-animation-transform" target="Spine/matrix"/></animation>
    <animation id="Spine1-anim" name="Spine1"><source id="Spine1-Matrix-animation-input"><float_array id="Spine1-Matrix-animation-input-array" count="20">

0.000000 0.033333 0.066667 0.100000 0.133333 0.166667 0.200000 0.233333 0.266667 0.300000 0.333333 0.366667 0.400000 0.433333 0.466667 0.500000
0.533333 0.566667 0.600000 0.633333</float_array><technique_common><accessor source="#Spine1-Matrix-animation-input-array" count="20"><param name="TIME" type="float"/></accessor></technique_common></source><source id="Spine1-Matrix-animation-output-transform"><float_array id="Spine1-Matrix-animation-output-transform-array" count="320">

0.999243 -0.023499 0.031011 0.012400 0.021621 0.997990 0.059566 8.239700 -0.032348 -0.058850 0.997743 -1.148800 0.000000 0.000000 0.000000 1.000000
0.999175 -0.020938 0.034810 0.012400 0.019703 0.999177 0.035465 8.239700 -0.035524 -0.034750 0.998764 -1.148800 0.000000 0.000000 0.000000 1.000000
0.999249 -0.009783 0.037500 0.012400 0.009432 0.999910 0.009519 8.239700 -0.037590 -0.009158 0.999251 -1.148800 0.000000 0.000000 0.000000 1.000000
0.999255 0.003117 0.038472 0.012400 -0.003075 0.999995 -0.001151 8.239700 -0.038476 0.001032 0.999259 -1.148800 0.000000 0.000000 0.000000 1.000000
0.999478 -0.000892 0.032280 0.012400 0.000780 0.999994 0.003508 8.239700 -0.032283 -0.003481 0.999473 -1.148800 0.000000 0.000000 0.000000 1.000000
0.999529 -0.025089 0.017676 0.012400 0.024716 0.999473 0.021065 8.239700 -0.018195 -0.020618 0.999622 -1.148800 0.000000 0.000000 0.000000 1.000000
0.998625 -0.052416 0.001135 0.012400 0.052297 0.997412 0.049346 8.239700 -0.003719 -0.049219 0.998781 -1.148800 0.000000 0.000000 0.000000 1.000000
0.997510 -0.069542 -0.011704 0.012400 0.070124 0.995710 0.060369 8.239700 0.007456 -0.061040 0.998108 -1.148800 0.000000 0.000000 0.000000 1.000000
0.996741 -0.077602 -0.022023 0.012400 0.078264 0.996452 0.030966 8.239700 0.019542 -0.032589 0.999278 -1.148800 0.000000 0.000000 0.000000 1.000000
0.996902 -0.072010 -0.031625 0.012400 0.071724 0.997373 -0.010096 8.239700 0.032269 0.007797 0.999449 -1.148800 0.000000 0.000000 0.000000 1.000000
0.997688 -0.055681 -0.038977 0.012400 0.054370 0.997945 -0.033911 8.239700 0.040785 0.031713 0.998665 -1.148800 0.000000 0.000000 0.000000 1.000000
0.998006 -0.047754 -0.041273 0.012400 0.045921 0.997964 -0.044259 8.239700 0.043302 0.042275 0.998167 -1.148800 0.000000 0.000000 0.000000 1.000000
0.997777 -0.053824 -0.039295 0.012400 0.051931 0.997510 -0.047714 8.239700 0.041765 0.045567 0.998088 -1.148800 0.000000 0.000000 0.000000 1.000000
0.997266 -0.064294 -0.036413 0.012400 0.062720 0.997111 -0.042850 8.239700 0.039063 0.040449 0.998418 -1.148800 0.000000 0.000000 0.000000 1.000000
0.997285 -0.066722 -0.031153 0.012400 0.065908 0.997475 -0.026454 8.239700 0.032840 0.024329 0.999164 -1.148800 0.000000 0.000000 0.000000 1.000000
0.998528 -0.050592 -0.019534 0.012400 0.050572 0.998719 -0.001562 8.239700 0.019588 0.000571 0.999808 -1.148800 0.000000 0.000000 0.000000 1.000000
0.999602 -0.028047 -0.003074 0.012400 0.028113 0.999320 0.023874 8.239700 0.002403 -0.023951 0.999710 -1.148800 0.000000 0.000000 0.000000 1.000000
0.999750 -0.018421 0.012657 0.012400 0.017803 0.998721 0.047329 8.239700 -0.013512 -0.047092 0.998799 -1.148800 0.000000 0.000000 0.000000 1.000000
0.999506 -0.020339 0.023959 0.012400 0.018771 0.997777 0.063940 8.239700 -0.025207 -0.063459 0.997666 -1.148800 0.000000 0.000000 0.000000 1.000000
0.999243 -0.023499 0.031011 0.012400 0.021621 0.997990 0.059566 8.239700 -0.032348 -0.058850 0.997743 -1.148800 0.000000 0.000000 0.000000 1.000000</float_array><technique_common><accessor source="#Spine1-Matrix-animation-output-transform-array" count="20" stride="16"><param type="float4x4"/></accessor></technique_common></source><source id="Spine1-Interpolations"><Name_array id="Spine1-Interpolations-array" count="20">
 LINEAR LINEAR LINEAR LINEAR LINEAR LINEAR LINEAR LINEAR LINEAR LINEAR LINEAR
LINEAR LINEAR LINEAR LINEAR LINEAR LINEAR LINEAR LINEAR LINEAR</Name_array><technique_common><accessor source="#Spine1-Interpolations-array" count="20"><param type="name"/></accessor></technique_common></source><sampler id="Spine1-Matrix-animation-transform"><input semantic="INPUT" source="#Spine1-Matrix-animation-input"/><input semantic="OUTPUT" source="#Spine1-Matrix-animation-output-transform"/><input semantic="INTERPOLATION" source="#Spine1-Interpolations"/></sampler><channel source="#Spine1-Matrix-animation-transform" target="Spine1/matrix"/></animation>
    <animation id="Spine2-anim" name="Spine2"><source id="Spine2-Matrix-animation-input"><float_array id="Spine2-Matrix-animation-input-array" count="20">

0.000000 0.033333 0.066667 0.100000 0.133333 0.166667 0.200000 0.233333 0.266667 0.300000 0.333333 0.366667 0.400000 0.433333 0.466667 0.500000
0.533333 0.566667 0.600000 0.633333</float_array><technique_common><accessor source="#Spine2-Matrix-animation-input-array" count="20"><param name="TIME" type="float"/></accessor></technique_common></source><source id="Spine2-Matrix-animation-output-transform"><float_array id="Spine2-Matrix-animation-output-transform-array" count="320">

0.999290 -0.021294 0.031079 0.014200 0.019439 0.998081 0.058792 9.416800 -0.032272 -0.058146 0.997786 -1.313000 0.000000 0.000000 0.000000 1.000000
0.999221 -0.018706 0.034738 0.014200 0.017455 0.999201 0.035959 9.416800 -0.035383 -0.035325 0.998749 -1.313000 0.000000 0.000000 0.000000 1.000000
0.999258 -0.008614 0.037537 0.014200 0.008214 0.999908 0.010815 9.416800 -0.037627 -0.010499 0.999237 -1.313000 0.000000 0.000000 0.000000 1.000000
0.999260 0.003009 0.038336 0.014200 -0.002961 0.999995 -0.001298 9.416800 -0.038340 0.001184 0.999264 -1.313000 0.000000 0.000000 0.000000 1.000000
0.999489 -0.001088 0.031947 0.014200 0.001007 0.999996 0.002529 9.416800 -0.031949 -0.002496 0.999486 -1.313000 0.000000 0.000000 0.000000 1.000000
0.999557 -0.023862 0.017789 0.014200 0.023460 0.999472 0.022467 9.416800 -0.018315 -0.022040 0.999589 -1.313000 0.000000 0.000000 0.000000 1.000000
0.998673 -0.051478 0.001280 0.014200 0.051347 0.997394 0.050674 9.416800 -0.003885 -0.050541 0.998714 -1.313000 0.000000 0.000000 0.000000 1.000000
0.997414 -0.070879 -0.011865 0.014200 0.071459 0.995695 0.059037 9.416800 0.007630 -0.059733 0.998185 -1.313000 0.000000 0.000000 0.000000 1.000000
0.996714 -0.078104 -0.021468 0.014200 0.078616 0.996613 0.024145 9.416800 0.019509 -0.025754 0.999478 -1.313000 0.000000 0.000000 0.000000 1.000000
0.997044 -0.070676 -0.030134 0.014200 0.069563 0.996909 -0.036512 9.416800 0.032621 0.034308 0.998879 -1.313000 0.000000 0.000000 0.000000 1.000000
0.997841 -0.053959 -0.037451 0.014200 0.050548 0.994950 -0.086710 9.416800 0.041940 0.084630 0.995529 -1.313000 0.000000 0.000000 0.000000 1.000000
0.998209 -0.044020 -0.040515 0.014200 0.039212 0.992860 -0.112652 9.416800 0.045185 0.110862 0.992808 -1.313000 0.000000 0.000000 0.000000 1.000000
0.998012 -0.049291 -0.039275 0.014200 0.044288 0.991857 -0.119405 9.416800 0.044840 0.117428 0.992069 -1.313000 0.000000 0.000000 0.000000 1.000000
0.997474 -0.061174 -0.036089 0.014200 0.056991 0.992587 -0.107343 9.416800 0.042388 0.105015 0.993567 -1.313000 0.000000 0.000000 0.000000 1.000000
0.997507 -0.063773 -0.030218 0.014200 0.061484 0.995549 -0.071426 9.416800 0.034638 0.069390 0.996988 -1.313000 0.000000 0.000000 0.000000 1.000000
0.998568 -0.050077 -0.018819 0.014200 0.049683 0.998548 -0.020833 9.416800 0.019835 0.019868 0.999606 -1.313000 0.000000 0.000000 0.000000 1.000000
0.999509 -0.031199 -0.002786 0.014200 0.031254 0.999255 0.022655 9.416800 0.002077 -0.022731 0.999739 -1.313000 0.000000 0.000000 0.000000 1.000000
0.999697 -0.020906 0.012988 0.014200 0.020235 0.998553 0.049828 9.416800 -0.014011 -0.049551 0.998673 -1.313000 0.000000 0.000000 0.000000 1.000000
0.999507 -0.019887 0.024299 0.014200 0.018306 0.997806 0.063618 9.416800 -0.025511 -0.063141 0.997678 -1.313000 0.000000 0.000000 0.000000 1.000000
0.999290 -0.021294 0.031079 0.014200 0.019439 0.998081 0.058792 9.416800 -0.032272 -0.058146 0.997786 -1.313000 0.000000 0.000000 0.000000 1.000000</float_array><technique_common><accessor source="#Spine2-Matrix-animation-output-transform-array" count="20" stride="16"><param type="float4x4"/></accessor></technique_common></source><source id="Spine2-Interpolations"><Name_array id="Spine2-Interpolations-array" count="20">
 LINEAR LINEAR LINEAR LINEAR LINEAR LINEAR LINEAR LINEAR LINEAR LINEAR LINEAR
LINEAR LINEAR LINEAR LINEAR LINEAR LINEAR LINEAR LINEAR LINEAR</Name_array><technique_common><accessor source="#Spine2-Interpolations-array" count="20"><param type="name"/></accessor></technique_common></source><sampler id="Spine2-Matrix-animation-transform"><input semantic="INPUT" source="#Spine2-Matrix-animation-input"/><input semantic="OUTPUT" source="#Spine2-Matrix-animation-output-transform"/><input semantic="INTERPOLATION" source="#Spine2-Interpolations"/></sampler><channel source="#Spine2-Matrix-animation-transform" target="Spine2/matrix"/></animation>
    <animation id="Neck-anim" name="Neck"><source id="Neck-Matrix-animation-input"><float_array id="Neck-Matrix-animation-input-array" count="20">

0.000000 0.033333 0.066667 0.100000 0.133333 0.166667 0.200000 0.233333 0.266667 0.300000 0.333333 0.366667 0.400000 0.433333 0.466667 0.500000
0.533333 0.566667 0.600000 0.633333</float_array><technique_common><accessor source="#Neck-Matrix-animation-input-array" count="20"><param name="TIME" type="float"/></accessor></technique_common></source><source id="Neck-Matrix-animation-output-transform"><float_array id="Neck-Matrix-animation-output-transform-array" count="320">

0.997638 0.053298 -0.043326 0.016000 -0.056499 0.995476 -0.076387 10.593800 0.039059 0.078654 0.996136 -1.477100 0.000000 0.000000 0.000000 1.000000
0.997311 0.049108 -0.054405 0.016000 -0.054384 0.993483 -0.100173 10.593800 0.049131 0.102862 0.993482 -1.477100 0.000000 0.000000 0.000000 1.000000
0.997083 0.045154 -0.061533 0.016000 -0.050623 0.994615 -0.090430 10.593800 0.057118 0.093281 0.994000 -1.477100 0.000000 0.000000 0.000000 1.000000
0.996757 0.048899 -0.063912 0.016000 -0.052870 0.996675 -0.062000 10.593800 0.060668 0.065178 0.996028 -1.477100 0.000000 0.000000 0.000000 1.000000
0.995863 0.068002 -0.060279 0.016000 -0.070621 0.996600 -0.042446 10.593800 0.057188 0.046527 0.997279 -1.477100 0.000000 0.000000 0.000000 1.000000
0.994636 0.089707 -0.051491 0.016000 -0.091971 0.994814 -0.043422 10.593800 0.047329 0.047925 0.997729 -1.477100 0.000000 0.000000 0.000000 1.000000
0.994640 0.095922 -0.038607 0.016000 -0.097871 0.993827 -0.052241 10.593800 0.033358 0.055739 0.997888 -1.477100 0.000000 0.000000 0.000000 1.000000
0.996559 0.079799 -0.022407 0.016000 -0.080795 0.995585 -0.047784 10.593800 0.018495 0.049430 0.998606 -1.477100 0.000000 0.000000 0.000000 1.000000
0.998655 0.051652 -0.004504 0.016000 -0.051756 0.998294 -0.027033 10.593800 0.003100 0.027230 0.999624 -1.477100 0.000000 0.000000 0.000000 1.000000
0.999509 0.028960 0.011937 0.016000 -0.028894 0.999566 -0.005667 10.593800 -0.012096 0.005319 0.999913 -1.477100 0.000000 0.000000 0.000000 1.000000
0.999507 0.020664 0.023652 0.016000 -0.020779 0.999773 0.004617 10.593800 -0.023551 -0.005106 0.999710 -1.477100 0.000000 0.000000 0.000000 1.000000
0.999336 0.021562 0.029367 0.016000 -0.021808 0.999729 0.008093 10.593800 -0.029184 -0.008728 0.999536 -1.477100 0.000000 0.000000 0.000000 1.000000
0.999316 0.021724 0.029918 0.016000 -0.022144 0.999660 0.013776 10.593800 -0.029608 -0.014429 0.999457 -1.477100 0.000000 0.000000 0.000000 1.000000
0.999471 0.018756 0.026575 0.016000 -0.019365 0.999551 0.022874 10.593800 -0.026134 -0.023376 0.999385 -1.477100 0.000000 0.000000 0.000000 1.000000
0.999633 0.018272 0.019987 0.016000 -0.018884 0.999346 0.030853 10.593800 -0.019410 -0.031219 0.999324 -1.477100 0.000000 0.000000 0.000000 1.000000
0.999631 0.025008 0.010565 0.016000 -0.025352 0.999107 0.033806 10.593800 -0.009710 -0.034061 0.999373 -1.477100 0.000000 0.000000 0.000000 1.000000
0.999300 0.037395 -0.001129 0.016000 -0.037349 0.998912 0.027921 10.593800 0.002172 -0.027860 0.999609 -1.477100 0.000000 0.000000 0.000000 1.000000
0.998672 0.049430 -0.014514 0.016000 -0.049315 0.998750 0.008158 10.593800 0.014899 -0.007432 0.999861 -1.477100 0.000000 0.000000 0.000000 1.000000
0.998074 0.054768 -0.029129 0.016000 -0.055647 0.997992 -0.030258 10.593800 0.027414 0.031820 0.999118 -1.477100 0.000000 0.000000 0.000000 1.000000
0.997638 0.053298 -0.043326 0.016000 -0.056499 0.995476 -0.076387 10.593800 0.039059 0.078654 0.996136 -1.477100 0.000000 0.000000 0.000000 1.000000</float_array><technique_common><accessor source="#Neck-Matrix-animation-output-transform-array" count="20" stride="16"><param type="float4x4"/></accessor></technique_common></source><source id="Neck-Interpolations"><Name_array id="Neck-Interpolations-array" count="20">
 LINEAR LINEAR LINEAR LINEAR LINEAR LINEAR LINEAR LINEAR LINEAR LINEAR LINEAR
LINEAR LINEAR LINEAR LINEAR LINEAR LINEAR LINEAR LINEAR LINEAR</Name_array><technique_common><accessor source="#Neck-Interpolations-array" count="20"><param type="name"/></accessor></technique_common></source><sampler id="Neck-Matrix-animation-transform"><input semantic="INPUT" source="#Neck-Matrix-animation-input"/><input semantic="OUTPUT" source="#Neck-Matrix-animation-output-transform"/><input semantic="INTERPOLATION" source="#Neck-Interpolations"/></sampler><channel source="#Neck-Matrix-animation-transform" target="Neck/matrix"/></animation>
    <animation id="Head-anim" name="Head"><source id="Head-Matrix-animation-input"><float_array id="Head-Matrix-animation-input-array" count="20">

0.000000 0.033333 0.066667 0.100000 0.133333 0.166667 0.200000 0.233333 0.266667 0.300000 0.333333 0.366667 0.400000 0.433333 0.466667 0.500000
0.533333 0.566667 0.600000 0.633333</float_array><technique_common><accessor source="#Head-Matrix-animation-input-array" count="20"><param name="TIME" type="float"/></accessor></technique_common></source><source id="Head-Matrix-animation-output-transform"><float_array id="Head-Matrix-animation-output-transform-array" count="320">

0.993232 0.004900 -0.116040 -0.000000 0.034669 0.941052 0.336481 5.056400 0.110848 -0.338227 0.934513 0.719600 0.000000 0.000000 0.000000 1.000000
0.984829 0.005854 -0.173431 0.000000 0.047660 0.951873 0.302764 5.056400 0.166857 -0.306436 0.937153 0.719600 0.000000 0.000000 0.000000 1.000000
0.977517 0.008230 -0.210696 0.000000 0.051257 0.959990 0.275302 5.056400 0.204531 -0.279912 0.937985 0.719600 0.000000 0.000000 0.000000 1.000000
0.974699 0.004843 -0.223471 0.000000 0.057343 0.960889 0.270932 5.056400 0.216043 -0.276892 0.936299 0.719600 0.000000 0.000000 0.000000 1.000000
0.977395 -0.002644 -0.211406 0.000000 0.064650 0.955764 0.286941 5.056400 0.201295 -0.294122 0.934330 0.719600 0.000000 0.000000 0.000000 1.000000
0.983545 -0.010657 -0.180348 -0.000000 0.069123 0.944499 0.321160 5.056400 0.166916 -0.328342 0.929694 0.719600 0.000000 0.000000 0.000000 1.000000
0.990516 -0.018776 -0.136111 -0.000000 0.067429 0.929555 0.362466 5.056400 0.119717 -0.368206 0.922004 0.719600 0.000000 0.000000 0.000000 1.000000
0.997018 -0.021193 -0.074200 0.000000 0.048622 0.919199 0.390781 5.056400 0.059923 -0.393223 0.917488 0.719600 0.000000 0.000000 0.000000 1.000000
0.999854 -0.014093 0.009654 0.000000 0.009249 0.921757 0.387658 5.056400 -0.014362 -0.387512 0.921753 0.719600 0.000000 0.000000 0.000000 1.000000
0.995111 -0.002489 0.098733 0.000000 -0.032423 0.936046 0.350381 5.056400 -0.093291 -0.351869 0.931389 0.719600 0.000000 0.000000 0.000000 1.000000
0.986898 0.006315 0.161220 0.000000 -0.054803 0.952945 0.298147 5.056400 -0.151751 -0.303076 0.940806 0.719600 0.000000 0.000000 0.000000 1.000000
0.982845 0.011978 0.184042 0.000000 -0.060791 0.963162 0.261959 5.056400 -0.174124 -0.268653 0.947368 0.719600 0.000000 0.000000 0.000000 1.000000
0.983236 0.021030 0.181120 0.000000 -0.068906 0.962521 0.262309 5.056400 -0.168815 -0.270392 0.947834 0.719600 0.000000 0.000000 0.000000 1.000000
0.985799 0.034980 0.164246 0.000000 -0.082288 0.953215 0.290879 5.056400 -0.146387 -0.300263 0.942557 0.719600 0.000000 0.000000 0.000000 1.000000
0.990290 0.045710 0.131290 -0.000000 -0.085803 0.944024 0.318522 5.056400 -0.109381 -0.326694 0.938779 0.719600 0.000000 0.000000 0.000000 1.000000
0.995242 0.047105 0.085285 0.000000 -0.072656 0.942037 0.327547 5.056400 -0.064913 -0.332185 0.940978 0.719600 0.000000 0.000000 0.000000 1.000000
0.998437 0.039398 0.039638 0.000000 -0.050259 0.943151 0.328543 5.056400 -0.024441 -0.330021 0.943657 0.719600 0.000000 0.000000 0.000000 1.000000
0.999691 0.024814 -0.001696 0.000000 -0.022785 0.941004 0.337629 5.056400 0.009974 -0.337486 0.941278 0.719600 0.000000 0.000000 0.000000 1.000000
0.998552 0.010984 -0.052669 0.000000 0.008140 0.936828 0.349696 5.056400 0.053183 -0.349618 0.935382 0.719600 0.000000 0.000000 0.000000 1.000000
0.993232 0.004900 -0.116040 -0.000000 0.034669 0.941052 0.336481 5.056400 0.110848 -0.338227 0.934513 0.719600 0.000000 0.000000 0.000000 1.000000</float_array><technique_common><accessor source="#Head-Matrix-animation-output-transform-array" count="20" stride="16"><param type="float4x4"/></accessor></technique_common></source><source id="Head-Interpolations"><Name_array id="Head-Interpolations-array" count="20">
 LINEAR LINEAR LINEAR LINEAR LINEAR LINEAR LINEAR LINEAR LINEAR LINEAR LINEAR
LINEAR LINEAR LINEAR LINEAR LINEAR LINEAR LINEAR LINEAR LINEAR</Name_array><technique_common><accessor source="#Head-Interpolations-array" count="20"><param type="name"/></accessor></technique_common></source><sampler id="Head-Matrix-animation-transform"><input semantic="INPUT" source="#Head-Matrix-animation-input"/><input semantic="OUTPUT" source="#Head-Matrix-animation-output-transform"/><input semantic="INTERPOLATION" source="#Head-Interpolations"/></sampler><channel source="#Head-Matrix-animation-transform" target="Head/matrix"/></animation>
    <animation id="LeftShoulder-anim" name="LeftShoulder"><source id="LeftShoulder-Matrix-animation-input"><float_array id="LeftShoulder-Matrix-animation-input-array" count="20">

0.000000 0.033333 0.066667 0.100000 0.133333 0.166667 0.200000 0.233333 0.266667 0.300000 0.333333 0.366667 0.400000 0.433333 0.466667 0.500000
0.533333 0.566667 0.600000 0.633333</float_array><technique_common><accessor source="#LeftShoulder-Matrix-animation-input-array" count="20"><param name="TIME" type="float"/></accessor></technique_common></source><source id="LeftShoulder-Matrix-animation-output-transform"><float_array id="LeftShoulder-Matrix-animation-output-transform-array" count="320">

0.986722 0.072055 -0.145563 3.528500 -0.079432 0.995801 -0.045513 8.730400 0.141672 0.056471 0.988302 -1.456100 0.000000 0.000000 0.000000 1.000000
0.988443 0.055451 -0.141087 3.528500 -0.062223 0.997090 -0.044048 8.730400 0.138234 0.052318 0.989017 -1.456100 0.000000 0.000000 0.000000 1.000000
0.989200 0.045695 -0.139270 3.528500 -0.052194 0.997695 -0.043376 8.730400 0.136966 0.050176 0.989304 -1.456100 0.000000 0.000000 0.000000 1.000000
0.986355 0.067352 -0.150227 3.528500 -0.075093 0.996094 -0.046457 8.730400 0.146511 0.057104 0.987559 -1.456100 0.000000 0.000000 0.000000 1.000000
0.977759 0.117208 -0.173926 3.528500 -0.128100 0.990358 -0.052742 8.730400 0.166067 0.073849 0.983345 -1.456100 0.000000 0.000000 0.000000 1.000000
0.967334 0.156262 -0.199618 3.528500 -0.171056 0.983491 -0.059042 8.730400 0.187097 0.091259 0.978093 -1.456100 0.000000 0.000000 0.000000 1.000000
0.961927 0.170712 -0.213432 3.528500 -0.187777 0.980236 -0.062267 8.730400 0.198584 0.099974 0.974972 -1.456100 0.000000 0.000000 0.000000 1.000000
0.970591 0.153178 -0.185716 3.528500 -0.166200 0.984466 -0.056613 8.730400 0.174159 0.085814 0.980971 -1.456100 0.000000 0.000000 0.000000 1.000000
0.985727 0.111924 -0.125756 3.528500 -0.118136 0.992064 -0.043055 8.730400 0.119939 0.057297 0.991126 -1.456100 0.000000 0.000000 0.000000 1.000000
0.995793 0.059631 -0.069571 3.528500 -0.061822 0.997643 -0.029766 8.730400 0.067632 0.033942 0.997133 -1.456100 0.000000 0.000000 0.000000 1.000000
0.999216 0.024773 -0.030879 3.528500 -0.025405 0.999472 -0.020248 8.730400 0.030361 0.021017 0.999318 -1.456100 0.000000 0.000000 0.000000 1.000000
0.999416 0.025040 -0.023270 3.528500 -0.025477 0.999501 -0.018674 8.730400 0.022791 0.019255 0.999555 -1.456100 0.000000 0.000000 0.000000 1.000000
0.998341 0.037816 -0.043425 3.528500 -0.038859 0.998970 -0.023441 8.730400 0.042493 0.025089 0.998782 -1.456100 0.000000 0.000000 0.000000 1.000000
0.995694 0.055506 -0.074248 3.528500 -0.057919 0.997848 -0.030743 8.730400 0.072382 0.034911 0.996766 -1.456100 0.000000 0.000000 0.000000 1.000000
0.991783 0.076817 -0.102304 3.528500 -0.080966 0.996029 -0.037035 8.730400 0.099053 0.045014 0.994064 -1.456100 0.000000 0.000000 0.000000 1.000000
0.987771 0.092467 -0.125536 3.528500 -0.098432 0.994250 -0.042166 8.730400 0.120915 0.054007 0.991193 -1.456100 0.000000 0.000000 0.000000 1.000000
0.982094 0.109377 -0.153391 3.528500 -0.118067 0.991810 -0.048709 8.730400 0.146807 0.065947 0.986964 -1.456100 0.000000 0.000000 0.000000 1.000000
0.979055 0.115663 -0.167550 3.528500 -0.125905 0.990688 -0.051813 8.730400 0.159997 0.071823 0.984501 -1.456100 0.000000 0.000000 0.000000 1.000000
0.983546 0.093238 -0.154738 3.528500 -0.101812 0.993624 -0.048422 8.730400 0.149237 0.063380 0.986768 -1.456100 0.000000 0.000000 0.000000 1.000000
0.986722 0.072055 -0.145563 3.528500 -0.079432 0.995801 -0.045513 8.730400 0.141672 0.056471 0.988302 -1.456100 0.000000 0.000000 0.000000 1.000000</float_array><technique_common><accessor source="#LeftShoulder-Matrix-animation-output-transform-array" count="20" stride="16"><param type="float4x4"/></accessor></technique_common></source><source id="LeftShoulder-Interpolations"><Name_array id="LeftShoulder-Interpolations-array" count="20">
 LINEAR LINEAR LINEAR LINEAR LINEAR LINEAR LINEAR LINEAR LINEAR LINEAR LINEAR
LINEAR LINEAR LINEAR LINEAR LINEAR LINEAR LINEAR LINEAR LINEAR</Name_array><technique_common><accessor source="#LeftShoulder-Interpolations-array" count="20"><param type="name"/></accessor></technique_common></source><sampler id="LeftShoulder-Matrix-animation-transform"><input semantic="INPUT" source="#LeftShoulder-Matrix-animation-input"/><input semantic="OUTPUT" source="#LeftShoulder-Matrix-animation-output-transform"/><input semantic="INTERPOLATION" source="#LeftShoulder-Interpolations"/></sampler><channel source="#LeftShoulder-Matrix-animation-transform" target="LeftShoulder/matrix"/></animation>
    <animation id="LeftArm-anim" name="LeftArm"><source id="LeftArm-Matrix-animation-input"><float_array id="LeftArm-Matrix-animation-input-array" count="20">

0.000000 0.033333 0.066667 0.100000 0.133333 0.166667 0.200000 0.233333 0.266667 0.300000 0.333333 0.366667 0.400000 0.433333 0.466667 0.500000
0.533333 0.566667 0.600000 0.633333</float_array><technique_common><accessor source="#LeftArm-Matrix-animation-input-array" count="20"><param name="TIME" type="float"/></accessor></technique_common></source><source id="LeftArm-Matrix-animation-output-transform"><float_array id="LeftArm-Matrix-animation-output-transform-array" count="320">

0.424944 0.904722 0.030024 7.613200 -0.477096 0.252030 -0.841939 -2.298200 -0.769287 0.343452 0.538737 0.042100 0.000000 0.000000 0.000000 1.000000
0.432941 0.895156 0.106104 7.613200 -0.349321 0.275117 -0.895704 -2.298200 -0.830986 0.350723 0.431806 0.042100 0.000000 0.000000 0.000000 1.000000
0.409233 0.899646 0.152202 7.613200 -0.345548 0.307194 -0.886695 -2.298200 -0.844467 0.310272 0.436585 0.042100 0.000000 0.000000 0.000000 1.000000
0.380591 0.908143 0.174434 7.613200 -0.457119 0.348728 -0.818188 -2.298200 -0.803861 0.231658 0.547852 0.042100 0.000000 0.000000 0.000000 1.000000
0.362961 0.914483 0.178830 7.613200 -0.609430 0.378155 -0.696846 -2.298200 -0.704879 0.143944 0.694568 0.042100 0.000000 0.000000 0.000000 1.000000
0.373131 0.917184 0.139809 7.613200 -0.739750 0.385062 -0.551813 -2.298200 -0.559949 0.102475 0.822166 0.042100 0.000000 0.000000 0.000000 1.000000
0.425237 0.903934 0.045562 7.613200 -0.837986 0.412235 -0.357550 -2.298200 -0.341984 0.113863 0.932782 0.042100 0.000000 0.000000 0.000000 1.000000
0.469905 0.877722 -0.093772 7.613200 -0.882712 0.467618 -0.046405 -2.298200 0.003119 0.104579 0.994512 0.042100 0.000000 0.000000 0.000000 1.000000
0.462751 0.863336 -0.201275 7.613200 -0.797252 0.504578 0.331346 -2.298200 0.387622 0.007136 0.921791 0.042100 0.000000 0.000000 0.000000 1.000000
0.478789 0.845122 -0.237762 7.613200 -0.616630 0.516493 0.594141 -2.298200 0.624923 -0.137857 0.768418 0.042100 0.000000 0.000000 0.000000 1.000000
0.532503 0.800193 -0.275920 7.613200 -0.474208 0.552056 0.685828 -2.298200 0.701118 -0.234362 0.673430 0.042100 0.000000 0.000000 0.000000 1.000000
0.565768 0.750979 -0.340496 7.613200 -0.427633 0.620298 0.657541 -2.298200 0.705008 -0.226408 0.672089 0.042100 0.000000 0.000000 0.000000 1.000000
0.559780 0.738019 -0.376794 7.613200 -0.523642 0.667470 0.529417 -2.298200 0.642219 -0.099052 0.760095 0.042100 0.000000 0.000000 0.000000 1.000000
0.520274 0.779483 -0.348885 7.613200 -0.725643 0.618908 0.300658 -2.298200 0.450286 0.096741 0.887628 0.042100 0.000000 0.000000 0.000000 1.000000
0.454597 0.841636 -0.291531 7.613200 -0.876156 0.481445 0.023681 -2.298200 0.160287 0.244661 0.956268 0.042100 0.000000 0.000000 0.000000 1.000000
0.406600 0.889075 -0.210293 7.613200 -0.906509 0.363973 -0.213926 -2.298200 -0.113655 0.277615 0.953946 0.042100 0.000000 0.000000 0.000000 1.000000
0.379403 0.919424 -0.103508 7.613200 -0.865812 0.313363 -0.390093 -2.298200 -0.326225 0.237621 0.914939 0.042100 0.000000 0.000000 0.000000 1.000000
0.358479 0.932722 -0.039017 7.613200 -0.791190 0.281368 -0.543002 -2.298200 -0.495492 0.225525 0.838825 0.042100 0.000000 0.000000 0.000000 1.000000
0.381230 0.924113 -0.026037 7.613200 -0.658123 0.251505 -0.709661 -2.298200 -0.649259 0.287680 0.704062 0.042100 0.000000 0.000000 0.000000 1.000000
0.424944 0.904722 0.030025 7.613200 -0.477095 0.252030 -0.841939 -2.298200 -0.769287 0.343452 0.538737 0.042100 0.000000 0.000000 0.000000 1.000000</float_array><technique_common><accessor source="#LeftArm-Matrix-animation-output-transform-array" count="20" stride="16"><param type="float4x4"/></accessor></technique_common></source><source id="LeftArm-Interpolations"><Name_array id="LeftArm-Interpolations-array" count="20">
 LINEAR LINEAR LINEAR LINEAR LINEAR LINEAR LINEAR LINEAR LINEAR LINEAR LINEAR
LINEAR LINEAR LINEAR LINEAR LINEAR LINEAR LINEAR LINEAR LINEAR</Name_array><technique_common><accessor source="#LeftArm-Interpolations-array" count="20"><param type="name"/></accessor></technique_common></source><sampler id="LeftArm-Matrix-animation-transform"><input semantic="INPUT" source="#LeftArm-Matrix-animation-input"/><input semantic="OUTPUT" source="#LeftArm-Matrix-animation-output-transform"/><input semantic="INTERPOLATION" source="#LeftArm-Interpolations"/></sampler><channel source="#LeftArm-Matrix-animation-transform" target="LeftArm/matrix"/></animation>
    <animation id="LeftForeArm-anim" name="LeftForeArm"><source id="LeftForeArm-Matrix-animation-input"><float_array id="LeftForeArm-Matrix-animation-input-array" count="20">

0.000000 0.033333 0.066667 0.100000 0.133333 0.166667 0.200000 0.233333 0.266667 0.300000 0.333333 0.366667 0.400000 0.433333 0.466667 0.500000
0.533333 0.566667 0.600000 0.633333</float_array><technique_common><accessor source="#LeftForeArm-Matrix-animation-input-array" count="20"><param name="TIME" type="float"/></accessor></technique_common></source><source id="LeftForeArm-Matrix-animation-output-transform"><float_array id="LeftForeArm-Matrix-animation-output-transform-array" count="320">

0.380906 -0.011058 -0.924548 18.914600 0.003924 0.999939 -0.010343 0.205500 0.924606 0.000311 0.380926 -1.585600 0.000000 0.000000 0.000000 1.000000
0.229491 -0.011069 -0.973248 18.914600 0.002272 0.999939 -0.010837 0.205500 0.973308 0.000276 0.229502 -1.585600 0.000000 0.000000 0.000000 1.000000
0.214293 -0.011071 -0.976707 18.914600 0.002106 0.999939 -0.010872 0.205500 0.976767 0.000273 0.214303 -1.585600 0.000000 0.000000 0.000000 1.000000
0.294371 -0.011065 -0.955627 18.914600 0.002979 0.999939 -0.010661 0.205500 0.955687 0.000292 0.294386 -1.585600 0.000000 0.000000 0.000000 1.000000
0.317920 -0.011064 -0.948053 18.914600 0.003236 0.999939 -0.010584 0.205500 0.948112 0.000297 0.317936 -1.585600 0.000000 0.000000 0.000000 1.000000
0.223630 -0.011069 -0.974611 18.914600 0.002207 0.999939 -0.010851 0.205500 0.974672 0.000275 0.223641 -1.585600 0.000000 0.000000 0.000000 1.000000
0.025192 -0.011079 -0.999621 18.914600 0.000050 0.999939 -0.011081 0.205500 0.999683 0.000229 0.025191 -1.585600 0.000000 0.000000 0.000000 1.000000
-0.143918 -0.011073 -0.989528 18.914600 -0.001782 0.999939 -0.010930 0.205500 0.989588 0.000191 -0.143928 -1.585600 0.000000 0.000000 0.000000 1.000000
-0.156103 -0.011072 -0.987679 18.914600 -0.001914 0.999939 -0.010907 0.205500 0.987739 0.000188 -0.156114 -1.585600 0.000000 0.000000 0.000000 1.000000
-0.095475 -0.011075 -0.995370 18.914600 -0.001258 0.999939 -0.011005 0.205500 0.995431 0.000202 -0.095484 -1.585600 0.000000 0.000000 0.000000 1.000000
-0.150135 -0.011071 -0.988603 18.914600 -0.001849 0.999939 -0.010918 0.205500 0.988664 0.000189 -0.150147 -1.585600 0.000000 0.000000 0.000000 1.000000
-0.300487 -0.011064 -0.953722 18.914600 -0.003472 0.999939 -0.010506 0.205500 0.953779 0.000154 -0.300508 -1.585600 0.000000 0.000000 0.000000 1.000000
-0.388247 -0.011057 -0.921489 18.914600 -0.004417 0.999939 -0.010138 0.205500 0.921545 0.000134 -0.388273 -1.585600 0.000000 0.000000 0.000000 1.000000
-0.358398 -0.011060 -0.933503 18.914600 -0.004096 0.999939 -0.010275 0.205500 0.933560 0.000141 -0.358422 -1.585600 0.000000 0.000000 0.000000 1.000000
-0.231079 -0.011069 -0.972872 18.914600 -0.002724 0.999939 -0.010730 0.205500 0.972931 0.000170 -0.231095 -1.585600 0.000000 0.000000 0.000000 1.000000
-0.009112 -0.011070 -0.999897 18.914600 -0.000322 0.999939 -0.011067 0.205500 0.999958 0.000222 -0.009115 -1.585600 0.000000 0.000000 0.000000 1.000000
0.268788 -0.011067 -0.963136 18.914600 0.002700 0.999939 -0.010736 0.205500 0.963196 0.000286 0.268801 -1.585600 0.000000 0.000000 0.000000 1.000000
