<?xml version="1.0" encoding="utf-8"?>
<COLLADA xmlns="http://www.collada.org/2005/11/COLLADASchema" version="1.4.1">
  <asset><contributor><author>Mixamo</author><authoring_tool>COLLADA Mixamo exporter</authoring_tool><comments></comments></contributor><created>2018-10-29T22:47:00Z</created><modified>2018-10-29T22:47:00Z</modified><revision></revision><title></title><unit meter="0.010000"/><up_axis>Y_UP</up_axis></asset>
  <library_animations>
    <animation id="Hips-anim" name="Hips"><source id="Hips-Matrix-animation-input"><float_array id="Hips-Matrix-animation-input-array" count="37">

0.000000 0.033333 0.066667 0.100000 0.133333 0.166667 0.200000 0.233333 0.266667 0.300000 0.333333 0.366667 0.400000 0.433333 0.466667 0.500000
0.533333 0.566667 0.600000 0.633333 0.666667 0.700000 0.733333 0.766667 0.800000 0.833333 0.866667 0.900000 0.933333 0.966667 1.000000 1.033333
1.066667 1.100000 1.133333 1.166667 1.200000</float_array><technique_common><accessor source="#Hips-Matrix-animation-input-array" count="37"><param name="TIME" type="float"/></accessor></technique_common></source><source id="Hips-Matrix-animation-output-transform"><float_array id="Hips-Matrix-animation-output-transform-array" count="592">

0.997666 0.044721 0.051601 0.024930 -0.048527 0.996000 0.075033 79.001015 -0.048039 -0.077362 0.995845 0.886472 0.000000 0.000000 0.000000 1.000000
0.998120 0.032483 0.051969 -0.110008 -0.035822 0.997264 0.064663 79.184395 -0.049727 -0.066403 0.996553 4.271837 0.000000 0.000000 0.000000 1.000000
0.998036 0.017250 0.060222 -0.152202 -0.020386 0.998447 0.051852 79.141823 -0.059234 -0.052977 0.996837 7.566810 0.000000 0.000000 0.000000 1.000000
0.997164 0.002991 0.075203 -0.103343 -0.006249 0.999050 0.043130 78.942085 -0.075002 -0.043478 0.996235 10.834817 0.000000 0.000000 0.000000 1.000000
0.995693 -0.000388 0.092708 -0.002749 -0.003032 0.999320 0.036742 77.319290 -0.092659 -0.036865 0.995015 14.611365 0.000000 0.000000 0.000000 1.000000
0.994186 0.011143 0.107103 0.289754 -0.014531 0.999417 0.030907 75.840317 -0.106696 -0.032284 0.993767 18.673809 0.000000 0.000000 0.000000 1.000000
0.993141 0.020015 0.115201 0.811861 -0.023295 0.999359 0.027189 75.166931 -0.114583 -0.029686 0.992970 22.522196 0.000000 0.000000 0.000000 1.000000
0.992781 0.021558 0.117984 1.526579 -0.024678 0.999382 0.025048 74.700912 -0.117371 -0.027779 0.992700 26.403229 0.000000 0.000000 0.000000 1.000000
0.992795 0.017071 0.118603 2.402241 -0.020732 0.999344 0.029700 74.437767 -0.118018 -0.031945 0.992497 30.629892 0.000000 0.000000 0.000000 1.000000
0.993289 0.005958 0.115506 3.431890 -0.010784 0.999093 0.041203 74.593941 -0.115156 -0.042173 0.992452 34.999741 0.000000 0.000000 0.000000 1.000000
0.993388 -0.003947 0.114734 4.553337 -0.001291 0.998961 0.045546 74.925949 -0.114794 -0.045393 0.992352 39.111534 0.000000 0.000000 0.000000 1.000000
0.991511 -0.011733 0.129495 5.571253 0.006236 0.999065 0.042775 74.707802 -0.129876 -0.041604 0.990657 43.017948 0.000000 0.000000 0.000000 1.000000
0.987010 -0.020288 0.159370 6.516075 0.012776 0.998765 0.048022 74.810806 -0.160147 -0.045362 0.986050 46.664635 0.000000 0.000000 0.000000 1.000000
0.980628 -0.026321 0.194104 7.408109 0.014823 0.998061 0.060453 75.390808 -0.195319 -0.056405 0.979117 50.202698 0.000000 0.000000 0.000000 1.000000
0.971678 -0.020350 0.235433 8.261634 0.003790 0.997499 0.070580 76.245796 -0.236280 -0.067689 0.969324 53.747990 0.000000 0.000000 0.000000 1.000000
0.958973 -0.010589 0.283298 9.134374 -0.011173 0.997114 0.075090 77.153061 -0.283276 -0.075174 0.956088 57.346645 0.000000 0.000000 0.000000 1.000000
0.944300 -0.005525 0.329041 10.053614 -0.020875 0.996840 0.076646 77.917213 -0.328425 -0.079246 0.941200 60.929146 0.000000 0.000000 0.000000 1.000000
0.929724 -0.000019 0.368257 10.939109 -0.029244 0.996838 0.073882 78.384590 -0.367094 -0.079459 0.926784 64.391327 0.000000 0.000000 0.000000 1.000000
0.916137 0.004745 0.400837 11.808039 -0.034431 0.997166 0.066889 78.579384 -0.399383 -0.075081 0.913704 67.728134 0.000000 0.000000 0.000000 1.000000
0.904292 0.005133 0.426883 12.692959 -0.034443 0.997545 0.060968 78.574593 -0.425522 -0.069836 0.902249 70.963264 0.000000 0.000000 0.000000 1.000000
0.893213 0.005667 0.449599 13.585464 -0.032911 0.998062 0.052803 78.424744 -0.448428 -0.061961 0.891669 74.073174 0.000000 0.000000 0.000000 1.000000
0.882847 0.004715 0.469636 14.530595 -0.026066 0.998900 0.038972 77.991829 -0.468936 -0.046648 0.881999 77.132423 0.000000 0.000000 0.000000 1.000000
0.874616 0.000192 0.484816 15.585848 -0.015206 0.999519 0.027037 76.992508 -0.484578 -0.031019 0.874198 80.489288 0.000000 0.000000 0.000000 1.000000
0.866839 -0.004030 0.498572 16.664429 -0.008471 0.999704 0.022809 76.451271 -0.498516 -0.023995 0.866548 83.913773 0.000000 0.000000 0.000000 1.000000
0.859125 -0.004544 0.511746 17.673395 -0.008020 0.999718 0.022339 75.947128 -0.511703 -0.023296 0.858846 87.462105 0.000000 0.000000 0.000000 1.000000
0.849853 -0.002597 0.527013 18.711178 -0.014455 0.999497 0.028236 75.544456 -0.526821 -0.031615 0.849388 91.286148 0.000000 0.000000 0.000000 1.000000
0.832365 -0.000177 0.554229 19.871887 -0.027719 0.998735 0.041949 75.582703 -0.553535 -0.050279 0.831307 95.399788 0.000000 0.000000 0.000000 1.000000
0.808264 0.003198 0.588812 21.069921 -0.041484 0.997810 0.051526 75.903473 -0.587358 -0.066073 0.806626 99.516312 0.000000 0.000000 0.000000 1.000000
0.789999 0.011512 0.613000 22.237963 -0.054260 0.997213 0.051201 75.865967 -0.610702 -0.073710 0.788422 103.556435 0.000000 0.000000 0.000000 1.000000
0.785280 0.023071 0.618710 23.363844 -0.071241 0.996035 0.053280 75.957680 -0.615028 -0.085917 0.783810 107.313271 0.000000 0.000000 0.000000 1.000000
0.788125 0.026612 0.614940 24.522667 -0.083929 0.994380 0.064534 76.312401 -0.609766 -0.102472 0.785929 110.696472 0.000000 0.000000 0.000000 1.000000
0.792639 0.023346 0.609244 25.748249 -0.086362 0.993490 0.074288 76.886185 -0.603544 -0.111500 0.789495 113.748238 0.000000 0.000000 0.000000 1.000000
0.795935 0.019189 0.605078 26.983232 -0.081100 0.993868 0.075162 77.506737 -0.599925 -0.108896 0.792610 116.626923 0.000000 0.000000 0.000000 1.000000
0.794726 0.010864 0.606871 28.245359 -0.072561 0.994370 0.077220 78.090675 -0.602616 -0.105404 0.791040 119.423172 0.000000 0.000000 0.000000 1.000000
0.789699 0.000612 0.613495 29.584003 -0.063523 0.994706 0.080776 78.546066 -0.610198 -0.102760 0.785557 122.113289 0.000000 0.000000 0.000000 1.000000
0.784595 -0.007713 0.619961 30.998810 -0.053988 0.995275 0.080707 78.824516 -0.617654 -0.096793 0.780471 124.779930 0.000000 0.000000 0.000000 1.000000
0.777271 -0.013562 0.629019 32.460423 -0.043358 0.996236 0.075058 78.945930 -0.627670 -0.085613 0.773758 127.435730 0.000000 0.000000 0.000000 1.000000</float_array><technique_common><accessor source="#Hips-Matrix-animation-output-transform-array" count="37" stride="16"><param type="float4x4"/></accessor></technique_common></source><source id="Hips-Interpolations"><Name_array id="Hips-Interpolations-array" count="37">
 LINEAR LINEAR LINEAR LINEAR LINEAR LINEAR LINEAR LINEAR LINEAR LINEAR LINEAR
LINEAR LINEAR LINEAR LINEAR LINEAR LINEAR LINEAR LINEAR LINEAR LINEAR LINEAR LINEAR
LINEAR LINEAR LINEAR LINEAR LINEAR LINEAR LINEAR LINEAR LINEAR LINEAR LINEAR LINEAR
LINEAR LINEAR</Name_array><technique_common><accessor source="#Hips-Interpolations-array" count="37"><param type="name"/></accessor></technique_common></source><sampler id="Hips-Matrix-animation-transform"><input semantic="INPUT" source="#Hips-Matrix-animation-input"/><input semantic="OUTPUT" source="#Hips-Matrix-animation-output-transform"/><input semantic="INTERPOLATION" source="#Hips-Interpolations"/></sampler><channel source="#Hips-Matrix-animation-transform" target="Hips/matrix"/></animation>
    <animation id="Spine-anim" name="Spine"><source id="Spine-Matrix-animation-input"><float_array id="Spine-Matrix-animation-input-array" count="37">

0.000000 0.033333 0.066667 0.100000 0.133333 0.166667 0.200000 0.233333 0.266667 0.300000 0.333333 0.366667 0.400000 0.433333 0.466667 0.500000
0.533333 0.566667 0.600000 0.633333 0.666667 0.700000 0.733333 0.766667 0.800000 0.833333 0.866667 0.900000 0.933333 0.966667 1.000000 1.033333
1.066667 1.100000 1.133333 1.166667 1.200000</float_array><technique_common><accessor source="#Spine-Matrix-animation-input-array" count="37"><param name="TIME" type="float"/></accessor></technique_common></source><source id="Spine-Matrix-animation-output-transform"><float_array id="Spine-Matrix-animation-output-transform-array" count="592">

0.998992 -0.022131 0.039045 0.009000 0.026283 0.993665 -0.109266 7.062600 -0.036379 0.110182 0.993245 -0.984700 0.000000 0.000000 0.000000 1.000000
0.997864 -0.003653 0.065228 0.009000 0.010596 0.994266 -0.106410 7.062600 -0.064465 0.106874 0.992180 -0.984700 0.000000 0.000000 0.000000 1.000000
0.996367 0.017518 0.083344 0.009000 -0.008863 0.994631 -0.103101 7.062600 -0.084702 0.101988 0.991173 -0.984700 0.000000 0.000000 0.000000 1.000000
0.994672 0.037666 0.095960 0.009000 -0.027766 0.994346 -0.102491 7.062600 -0.099278 0.099280 0.990095 -0.984700 0.000000 0.000000 0.000000 1.000000
0.993308 0.047688 0.105188 0.009000 -0.038804 0.995630 -0.084947 7.062600 -0.108779 0.080297 0.990818 -0.984700 0.000000 0.000000 0.000000 1.000000
0.992576 0.042242 0.114057 0.009000 -0.034970 0.997271 -0.065021 7.062600 -0.116492 0.060550 0.991344 -0.984700 0.000000 0.000000 0.000000 1.000000
0.991468 0.037735 0.124768 0.009000 -0.030132 0.997604 -0.062273 7.062600 -0.126819 0.057983 0.990230 -0.984700 0.000000 0.000000 0.000000 1.000000
0.990048 0.039466 0.135086 0.009000 -0.030906 0.997414 -0.064887 7.062600 -0.137297 0.060066 0.988707 -0.984700 0.000000 0.000000 0.000000 1.000000
0.988259 0.047920 0.145076 0.009000 -0.037648 0.996640 -0.072738 7.062600 -0.148075 0.066422 0.986743 -0.984700 0.000000 0.000000 0.000000 1.000000
0.985493 0.061784 0.158071 0.009000 -0.048604 0.995115 -0.085931 7.062600 -0.162608 0.077002 0.983682 -0.984700 0.000000 0.000000 0.000000 1.000000
0.984103 0.070143 0.163161 0.009000 -0.055082 0.993945 -0.095070 7.062600 -0.168842 0.084572 0.982008 -0.984700 0.000000 0.000000 0.000000 1.000000
0.985789 0.073567 0.151024 0.009000 -0.059715 0.993752 -0.094295 7.062600 -0.157017 0.083936 0.984022 -0.984700 0.000000 0.000000 0.000000 1.000000
0.988664 0.075264 0.129920 0.009000 -0.062349 0.992954 -0.100770 7.062600 -0.136589 0.091527 0.986391 -0.984700 0.000000 0.000000 0.000000 1.000000
0.991421 0.073453 0.108117 0.009000 -0.061609 0.992122 -0.109082 7.062600 -0.115277 0.101485 0.988136 -0.984700 0.000000 0.000000 0.000000 1.000000
0.994993 0.058931 0.080722 0.009000 -0.049772 0.992561 -0.111112 7.062600 -0.086669 0.106538 0.990524 -0.984700 0.000000 0.000000 0.000000 1.000000
0.998059 0.040747 0.047086 0.009000 -0.035470 0.993526 -0.107924 7.062600 -0.051178 0.106044 0.993044 -0.984700 0.000000 0.000000 0.000000 1.000000
0.999455 0.028811 0.016084 0.009000 -0.026975 0.994154 -0.104543 7.062600 -0.019002 0.104052 0.994390 -0.984700 0.000000 0.000000 0.000000 1.000000
0.999798 0.018611 -0.007601 0.009000 -0.019287 0.994643 -0.101554 7.062600 0.005671 0.101680 0.994801 -0.984700 0.000000 0.000000 0.000000 1.000000
0.999665 0.010892 -0.023476 0.009000 -0.013140 0.995114 -0.097853 7.062600 0.022295 0.098129 0.994924 -0.984700 0.000000 0.000000 0.000000 1.000000
0.999448 0.007853 -0.032269 0.009000 -0.010944 0.995247 -0.096768 7.062600 0.031355 0.097068 0.994784 -0.984700 0.000000 0.000000 0.000000 1.000000
0.999251 0.005009 -0.038369 0.009000 -0.008623 0.995477 -0.094607 7.062600 0.037721 0.094867 0.994775 -0.984700 0.000000 0.000000 0.000000 1.000000
0.999105 0.005796 -0.041905 0.009000 -0.009343 0.996342 -0.084940 7.062600 0.041259 0.085256 0.995504 -0.984700 0.000000 0.000000 0.000000 1.000000
0.999023 0.011338 -0.042714 0.009000 -0.014249 0.997552 -0.068461 7.062600 0.041833 0.069003 0.996739 -0.984700 0.000000 0.000000 0.000000 1.000000
0.998902 0.011153 -0.045496 0.009000 -0.014066 0.997837 -0.064221 7.062600 0.044681 0.064791 0.996898 -0.984700 0.000000 0.000000 0.000000 1.000000
0.998661 0.008346 -0.051055 0.009000 -0.011684 0.997788 -0.065438 7.062600 0.050396 0.065946 0.996550 -0.984700 0.000000 0.000000 0.000000 1.000000
0.997975 0.001136 -0.063600 0.009000 -0.005605 0.997522 -0.070137 7.062600 0.063363 0.070352 0.995508 -0.984700 0.000000 0.000000 0.000000 1.000000
0.995943 -0.013001 -0.089040 0.009000 0.006043 0.996938 -0.077968 7.062600 0.089781 0.077114 0.992972 -0.984700 0.000000 0.000000 0.000000 1.000000
0.993211 -0.026463 -0.113276 0.009000 0.017254 0.996522 -0.081519 7.062600 0.115039 0.079011 0.990214 -0.984700 0.000000 0.000000 0.000000 1.000000
0.992026 -0.035858 -0.120823 0.009000 0.026780 0.996753 -0.075933 7.062600 0.123154 0.072092 0.989766 -0.984700 0.000000 0.000000 0.000000 1.000000
0.992516 -0.049875 -0.111468 0.009000 0.041465 0.996205 -0.076530 7.062600 0.114862 0.071335 0.990817 -0.984700 0.000000 0.000000 0.000000 1.000000
0.993771 -0.062181 -0.092485 0.009000 0.054094 0.994692 -0.087526 7.062600 0.097437 0.081978 0.991860 -0.984700 0.000000 0.000000 0.000000 1.000000
0.995573 -0.065343 -0.067568 0.009000 0.058715 0.993665 -0.095822 7.062600 0.073401 0.091430 0.993103 -0.984700 0.000000 0.000000 0.000000 1.000000
0.997396 -0.059466 -0.040811 0.009000 0.055333 0.993856 -0.095854 7.062600 0.046260 0.093346 0.994558 -0.984700 0.000000 0.000000 0.000000 1.000000
0.998595 -0.049641 -0.018566 0.009000 0.047535 0.993801 -0.100494 7.062600 0.023439 0.099471 0.994764 -0.984700 0.000000 0.000000 0.000000 1.000000
0.999193 -0.040164 0.000286 0.009000 0.039959 0.993316 -0.108294 7.062600 0.004065 0.108218 0.994119 -0.984700 0.000000 0.000000 0.000000 1.000000
0.999328 -0.029585 0.021624 0.009000 0.031818 0.993258 -0.111474 7.062600 -0.018181 0.112087 0.993532 -0.984700 0.000000 0.000000 0.000000 1.000000
0.999094 -0.016955 0.039033 0.009000 0.021141 0.993766 -0.109466 7.062600 -0.036934 0.110192 0.993224 -0.984700 0.000000 0.000000 0.000000 1.000000</float_array><technique_common><accessor source="#Spine-Matrix-animation-output-transform-array" count="37" stride="16"><param type="float4x4"/></accessor></technique_common></source><source id="Spine-Interpolations"><Name_array id="Spine-Interpolations-array" count="37">
 LINEAR LINEAR LINEAR LINEAR LINEAR LINEAR LINEAR LINEAR LINEAR LINEAR LINEAR
LINEAR LINEAR LINEAR LINEAR LINEAR LINEAR LINEAR LINEAR LINEAR LINEAR LINEAR LINEAR
LINEAR LINEAR LINEAR LINEAR LINEAR LINEAR LINEAR LINEAR LINEAR LINEAR LINEAR LINEAR
LINEAR LINEAR</Name_array><technique_common><accessor source="#Spine-Interpolations-array" count="37"><param type="name"/></accessor></technique_common></source><sampler id="Spine-Matrix-animation-transform"><input semantic="INPUT" source="#Spine-Matrix-animation-input"/><input semantic="OUTPUT" source="#Spine-Matrix-animation-output-transform"/><input semantic="INTERPOLATION" source="#Spine-Interpolations"/></sampler><channel source="#Spine-Matrix-animation-transform" target="Spine/matrix"/></animation>
    <animation id="Spine1-anim" name="Spine1"><source id="Spine1-Matrix-animation-input"><float_array id="Spine1-Matrix-animation-input-array" count="37">

0.000000 0.033333 0.066667 0.100000 0.133333 0.166667 0.200000 0.233333 0.266667 0.300000 0.333333 0.366667 0.400000 0.433333 0.466667 0.500000
0.533333 0.566667 0.600000 0.633333 0.666667 0.700000 0.733333 0.766667 0.800000 0.833333 0.866667 0.900000 0.933333 0.966667 1.000000 1.033333
1.066667 1.100000 1.133333 1.166667 1.200000</float_array><technique_common><accessor source="#Spine1-Matrix-animation-input-array" count="37"><param name="TIME" type="float"/></accessor></technique_common></source><source id="Spine1-Matrix-animation-output-transform"><float_array id="Spine1-Matrix-animation-output-transform-array" count="592">

0.999935 -0.003025 0.010970 0.012400 0.003137 0.999943 -0.010199 8.239700 -0.010939 0.010233 0.999888 -1.148800 0.000000 0.000000 0.000000 1.000000
0.999835 -0.000177 0.018161 0.012400 0.000366 0.999946 -0.010386 8.239700 -0.018158 0.010390 0.999781 -1.148800 0.000000 0.000000 0.000000 1.000000
0.999722 0.002829 0.023400 0.012400 -0.002592 0.999945 -0.010147 8.239700 -0.023428 0.010083 0.999675 -1.148800 0.000000 0.000000 0.000000 1.000000
0.999612 0.004853 0.027423 0.012400 -0.004551 0.999928 -0.011064 8.239700 -0.027474 0.010935 0.999563 -1.148800 0.000000 0.000000 0.000000 1.000000
0.999535 0.003769 0.030251 0.012400 -0.003188 0.999810 -0.019222 8.239700 -0.030317 0.019117 0.999357 -1.148800 0.000000 0.000000 0.000000 1.000000
0.999473 0.002120 0.032394 0.012400 -0.001301 0.999679 -0.025298 8.239700 -0.032437 0.025243 0.999155 -1.148800 0.000000 0.000000 0.000000 1.000000
0.999379 0.002160 0.035170 0.012400 -0.001360 0.999740 -0.022776 8.239700 -0.035210 0.022714 0.999122 -1.148800 0.000000 0.000000 0.000000 1.000000
0.999269 0.002512 0.038145 0.012400 -0.001747 0.999797 -0.020091 8.239700 -0.038188 0.020009 0.999070 -1.148800 0.000000 0.000000 0.000000 1.000000
0.999140 0.003512 0.041309 0.012400 -0.002789 0.999842 -0.017557 8.239700 -0.041364 0.017426 0.998992 -1.148800 0.000000 0.000000 0.000000 1.000000
0.998944 0.005553 0.045614 0.012400 -0.004971 0.999905 -0.012851 8.239700 -0.045681 0.012610 0.998877 -1.148800 0.000000 0.000000 0.000000 1.000000
0.998844 0.007533 0.047472 0.012400 -0.007276 0.999958 -0.005584 8.239700 -0.047512 0.005232 0.998857 -1.148800 0.000000 0.000000 0.000000 1.000000
0.999001 0.008614 0.043853 0.012400 -0.008504 0.999960 -0.002688 8.239700 -0.043874 0.002313 0.999034 -1.148800 0.000000 0.000000 0.000000 1.000000
0.999249 0.008767 0.037734 0.012400 -0.008652 0.999957 -0.003201 8.239700 -0.037761 0.002872 0.999283 -1.148800 0.000000 0.000000 0.000000 1.000000
0.999485 0.006813 0.031351 0.012400 -0.006677 0.999968 -0.004431 8.239700 -0.031380 0.004219 0.999499 -1.148800 0.000000 0.000000 0.000000 1.000000
0.999728 0.003487 0.023066 0.012400 -0.003359 0.999979 -0.005560 8.239700 -0.023085 0.005481 0.999718 -1.148800 0.000000 0.000000 0.000000 1.000000
0.999913 0.000353 0.013163 0.012400 -0.000269 0.999980 -0.006384 8.239700 -0.013165 0.006380 0.999893 -1.148800 0.000000 0.000000 0.000000 1.000000
0.999989 -0.001672 0.004410 0.012400 0.001703 0.999975 -0.006918 8.239700 -0.004398 0.006925 0.999966 -1.148800 0.000000 0.000000 0.000000 1.000000
0.999994 -0.002730 -0.002107 0.012400 0.002715 0.999971 -0.007136 8.239700 0.002127 0.007130 0.999972 -1.148800 0.000000 0.000000 0.000000 1.000000
0.999975 -0.003119 -0.006301 0.012400 0.003075 0.999971 -0.006899 8.239700 0.006322 0.006880 0.999956 -1.148800 0.000000 0.000000 0.000000 1.000000
0.999960 -0.002818 -0.008435 0.012400 0.002760 0.999972 -0.006923 8.239700 0.008454 0.006899 0.999940 -1.148800 0.000000 0.000000 0.000000 1.000000
0.999949 -0.001813 -0.009978 0.012400 0.001746 0.999976 -0.006686 8.239700 0.009989 0.006669 0.999928 -1.148800 0.000000 0.000000 0.000000 1.000000
0.999941 -0.000321 -0.010833 0.012400 0.000248 0.999978 -0.006679 8.239700 0.010835 0.006676 0.999919 -1.148800 0.000000 0.000000 0.000000 1.000000
0.999942 -0.000408 -0.010766 0.012400 0.000298 0.999948 -0.010168 8.239700 0.010770 0.010164 0.999890 -1.148800 0.000000 0.000000 0.000000 1.000000
0.999933 -0.000967 -0.011533 0.012400 0.000842 0.999941 -0.010798 8.239700 0.011543 0.010788 0.999875 -1.148800 0.000000 0.000000 0.000000 1.000000
0.999912 -0.002047 -0.013072 0.012400 0.001904 0.999939 -0.010900 8.239700 0.013093 0.010875 0.999855 -1.148800 0.000000 0.000000 0.000000 1.000000
0.999855 -0.003446 -0.016652 0.012400 0.003268 0.999938 -0.010685 8.239700 0.016688 0.010629 0.999804 -1.148800 0.000000 0.000000 0.000000 1.000000
0.999694 -0.005764 -0.024052 0.012400 0.005552 0.999945 -0.008882 8.239700 0.024102 0.008745 0.999671 -1.148800 0.000000 0.000000 0.000000 1.000000
0.999491 -0.007306 -0.031058 0.012400 0.007178 0.999965 -0.004237 8.239700 0.031088 0.004012 0.999509 -1.148800 0.000000 0.000000 0.000000 1.000000
0.999416 -0.008781 -0.033017 0.012400 0.008748 0.999961 -0.001142 8.239700 0.033026 0.000853 0.999454 -1.148800 0.000000 0.000000 0.000000 1.000000
0.999468 -0.011461 -0.030537 0.012400 0.011443 0.999934 -0.000758 8.239700 0.030543 0.000408 0.999533 -1.148800 0.000000 0.000000 0.000000 1.000000
0.999587 -0.013243 -0.025516 0.012400 0.013186 0.999910 -0.002409 8.239700 0.025546 0.002072 0.999672 -1.148800 0.000000 0.000000 0.000000 1.000000
0.999747 -0.012770 -0.018529 0.012400 0.012691 0.999910 -0.004365 8.239700 0.018583 0.004129 0.999819 -1.148800 0.000000 0.000000 0.000000 1.000000
0.999882 -0.010954 -0.010762 0.012400 0.010895 0.999925 -0.005534 8.239700 0.010822 0.005416 0.999927 -1.148800 0.000000 0.000000 0.000000 1.000000
0.999955 -0.008355 -0.004495 0.012400 0.008324 0.999942 -0.006824 8.239700 0.004551 0.006787 0.999967 -1.148800 0.000000 0.000000 0.000000 1.000000
0.999981 -0.006190 0.000632 0.012400 0.006195 0.999948 -0.008097 8.239700 -0.000582 0.008101 0.999967 -1.148800 0.000000 0.000000 0.000000 1.000000
0.999968 -0.004853 0.006369 0.012400 0.004912 0.999945 -0.009233 8.239700 -0.006324 0.009264 0.999937 -1.148800 0.000000 0.000000 0.000000 1.000000
0.999935 -0.003025 0.010971 0.012400 0.003137 0.999943 -0.010199 8.239700 -0.010939 0.010233 0.999888 -1.148800 0.000000 0.000000 0.000000 1.000000</float_array><technique_common><accessor source="#Spine1-Matrix-animation-output-transform-array" count="37" stride="16"><param type="float4x4"/></accessor></technique_common></source><source id="Spine1-Interpolations"><Name_array id="Spine1-Interpolations-array" count="37">
 LINEAR LINEAR LINEAR LINEAR LINEAR LINEAR LINEAR LINEAR LINEAR LINEAR LINEAR
LINEAR LINEAR LINEAR LINEAR LINEAR LINEAR LINEAR LINEAR LINEAR LINEAR LINEAR LINEAR
LINEAR LINEAR LINEAR LINEAR LINEAR LINEAR LINEAR LINEAR LINEAR LINEAR LINEAR LINEAR
LINEAR LINEAR</Name_array><technique_common><accessor source="#Spine1-Interpolations-array" count="37"><param type="name"/></accessor></technique_common></source><sampler id="Spine1-Matrix-animation-transform"><input semantic="INPUT" source="#Spine1-Matrix-animation-input"/><input semantic="OUTPUT" source="#Spine1-Matrix-animation-output-transform"/><input semantic="INTERPOLATION" source="#Spine1-Interpolations"/></sampler><channel source="#Spine1-Matrix-animation-transform" target="Spine1/matrix"/></animation>
    <animation id="Spine2-anim" name="Spine2"><source id="Spine2-Matrix-animation-input"><float_array id="Spine2-Matrix-animation-input-array" count="37">

0.000000 0.033333 0.066667 0.100000 0.133333 0.166667 0.200000 0.233333 0.266667 0.300000 0.333333 0.366667 0.400000 0.433333 0.466667 0.500000
0.533333 0.566667 0.600000 0.633333 0.666667 0.700000 0.733333 0.766667 0.800000 0.833333 0.866667 0.900000 0.933333 0.966667 1.000000 1.033333
1.066667 1.100000 1.133333 1.166667 1.200000</float_array><technique_common><accessor source="#Spine2-Matrix-animation-input-array" count="37"><param name="TIME" type="float"/></accessor></technique_common></source><source id="Spine2-Matrix-animation-output-transform"><float_array id="Spine2-Matrix-animation-output-transform-array" count="592">

0.999937 -0.002986 0.010862 0.014200 0.003097 0.999943 -0.010238 9.416800 -0.010831 0.010271 0.999889 -1.313000 0.000000 0.000000 0.000000 1.000000
0.999837 -0.000092 0.018069 0.014200 0.000281 0.999946 -0.010433 9.416800 -0.018067 0.010436 0.999782 -1.313000 0.000000 0.000000 0.000000 1.000000
0.999723 0.002945 0.023333 0.014200 -0.002708 0.999945 -0.010176 9.416800 -0.023362 0.010110 0.999676 -1.313000 0.000000 0.000000 0.000000 1.000000
0.999613 0.005011 0.027355 0.014200 -0.004709 0.999928 -0.011078 9.416800 -0.027409 0.010944 0.999564 -1.313000 0.000000 0.000000 0.000000 1.000000
0.999536 0.003740 0.030219 0.014200 -0.003160 0.999810 -0.019211 9.416800 -0.030285 0.019107 0.999359 -1.313000 0.000000 0.000000 0.000000 1.000000
0.999474 0.001875 0.032385 0.014200 -0.001056 0.999680 -0.025285 9.416800 -0.032422 0.025238 0.999156 -1.313000 0.000000 0.000000 0.000000 1.000000
0.999380 0.001937 0.035159 0.014200 -0.001136 0.999740 -0.022774 9.416800 -0.035194 0.022720 0.999122 -1.313000 0.000000 0.000000 0.000000 1.000000
0.999270 0.002250 0.038149 0.014200 -0.001485 0.999797 -0.020071 9.416800 -0.038187 0.020000 0.999070 -1.313000 0.000000 0.000000 0.000000 1.000000
0.999141 0.003336 0.041303 0.014200 -0.002613 0.999843 -0.017530 9.416800 -0.041355 0.017407 0.998993 -1.313000 0.000000 0.000000 0.000000 1.000000
0.998945 0.005521 0.045583 0.014200 -0.004940 0.999905 -0.012841 9.416800 -0.045649 0.012602 0.998878 -1.313000 0.000000 0.000000 0.000000 1.000000
0.998844 0.007569 0.047459 0.014200 -0.007312 0.999958 -0.005594 9.416800 -0.047500 0.005240 0.998858 -1.313000 0.000000 0.000000 0.000000 1.000000
0.998999 0.008601 0.043897 0.014200 -0.008493 0.999960 -0.002645 9.416800 -0.043918 0.002269 0.999033 -1.313000 0.000000 0.000000 0.000000 1.000000
0.999247 0.008774 0.037796 0.014200 -0.008662 0.999958 -0.003132 9.416800 -0.037822 0.002802 0.999281 -1.313000 0.000000 0.000000 0.000000 1.000000
0.999484 0.006844 0.031382 0.014200 -0.006709 0.999968 -0.004396 9.416800 -0.031411 0.004183 0.999498 -1.313000 0.000000 0.000000 0.000000 1.000000
0.999728 0.003527 0.023046 0.014200 -0.003399 0.999979 -0.005568 9.416800 -0.023065 0.005488 0.999719 -1.313000 0.000000 0.000000 0.000000 1.000000
0.999914 0.000381 0.013112 0.014200 -0.000297 0.999979 -0.006405 9.416800 -0.013114 0.006400 0.999894 -1.313000 0.000000 0.000000 0.000000 1.000000
0.999989 -0.001666 0.004350 0.014200 0.001696 0.999975 -0.006933 9.416800 -0.004339 0.006940 0.999967 -1.313000 0.000000 0.000000 0.000000 1.000000
0.999994 -0.002743 -0.002160 0.014200 0.002728 0.999971 -0.007144 9.416800 0.002180 0.007138 0.999972 -1.313000 0.000000 0.000000 0.000000 1.000000
0.999975 -0.003143 -0.006344 0.014200 0.003099 0.999971 -0.006906 9.416800 0.006365 0.006887 0.999956 -1.313000 0.000000 0.000000 0.000000 1.000000
0.999960 -0.002849 -0.008470 0.014200 0.002790 0.999972 -0.006935 9.416800 0.008489 0.006911 0.999940 -1.313000 0.000000 0.000000 0.000000 1.000000
0.999948 -0.001843 -0.009996 0.014200 0.001776 0.999976 -0.006710 9.416800 0.010008 0.006692 0.999928 -1.313000 0.000000 0.000000 0.000000 1.000000
0.999941 -0.000326 -0.010812 0.014200 0.000253 0.999977 -0.006728 9.416800 0.010814 0.006725 0.999919 -1.313000 0.000000 0.000000 0.000000 1.000000
0.999943 -0.000341 -0.010710 0.014200 0.000231 0.999947 -0.010250 9.416800 0.010713 0.010247 0.999890 -1.313000 0.000000 0.000000 0.000000 1.000000
0.999934 -0.000880 -0.011481 0.014200 0.000756 0.999941 -0.010819 9.416800 0.011490 0.010810 0.999876 -1.313000 0.000000 0.000000 0.000000 1.000000
0.999913 -0.001955 -0.013041 0.014200 0.001813 0.999939 -0.010885 9.416800 0.013062 0.010860 0.999856 -1.313000 0.000000 0.000000 0.000000 1.000000
0.999856 -0.003386 -0.016653 0.014200 0.003207 0.999937 -0.010760 9.416800 0.016688 0.010705 0.999803 -1.313000 0.000000 0.000000 0.000000 1.000000
0.999693 -0.005778 -0.024086 0.014200 0.005564 0.999945 -0.008929 9.416800 0.024137 0.008792 0.999670 -1.313000 0.000000 0.000000 0.000000 1.000000
0.999489 -0.007354 -0.031107 0.014200 0.007225 0.999965 -0.004247 9.416800 0.031137 0.004020 0.999507 -1.313000 0.000000 0.000000 0.000000 1.000000
0.999414 -0.008757 -0.033090 0.014200 0.008725 0.999961 -0.001117 9.416800 0.033098 0.000828 0.999452 -1.313000 0.000000 0.000000 0.000000 1.000000
0.999465 -0.011431 -0.030658 0.014200 0.011416 0.999935 -0.000665 9.416800 0.030663 0.000314 0.999530 -1.313000 0.000000 0.000000 0.000000 1.000000
0.999582 -0.013253 -0.025680 0.014200 0.013199 0.999910 -0.002281 9.416800 0.025708 0.001941 0.999668 -1.313000 0.000000 0.000000 0.000000 1.000000
0.999743 -0.012810 -0.018700 0.014200 0.012732 0.999910 -0.004264 9.416800 0.018753 0.004025 0.999816 -1.313000 0.000000 0.000000 0.000000 1.000000
0.999880 -0.010994 -0.010915 0.014200 0.010935 0.999925 -0.005482 9.416800 0.010974 0.005362 0.999925 -1.313000 0.000000 0.000000 0.000000 1.000000
0.999954 -0.008385 -0.004624 0.014200 0.008353 0.999942 -0.006815 9.416800 0.004681 0.006776 0.999966 -1.313000 0.000000 0.000000 0.000000 1.000000
0.999981 -0.006204 0.000516 0.014200 0.006208 0.999948 -0.008111 9.416800 -0.000466 0.008114 0.999967 -1.313000 0.000000 0.000000 0.000000 1.000000
0.999969 -0.004844 0.006249 0.014200 0.004901 0.999945 -0.009263 9.416800 -0.006204 0.009294 0.999938 -1.313000 0.000000 0.000000 0.000000 1.000000
0.999937 -0.002986 0.010862 0.014200 0.003097 0.999943 -0.010238 9.416800 -0.010831 0.010271 0.999889 -1.313000 0.000000 0.000000 0.000000 1.000000</float_array><technique_common><accessor source="#Spine2-Matrix-animation-output-transform-array" count="37" stride="16"><param type="float4x4"/></accessor></technique_common></source><source id="Spine2-Interpolations"><Name_array id="Spine2-Interpolations-array" count="37">
 LINEAR LINEAR LINEAR LINEAR LINEAR LINEAR LINEAR LINEAR LINEAR LINEAR LINEAR
LINEAR LINEAR LINEAR LINEAR LINEAR LINEAR LINEAR LINEAR LINEAR LINEAR LINEAR LINEAR
LINEAR LINEAR LINEAR LINEAR LINEAR LINEAR LINEAR LINEAR LINEAR LINEAR LINEAR LINEAR
LINEAR LINEAR</Name_array><technique_common><accessor source="#Spine2-Interpolations-array" count="37"><param type="name"/></accessor></technique_common></source><sampler id="Spine2-Matrix-animation-transform"><input semantic="INPUT" source="#Spine2-Matrix-animation-input"/><input semantic="OUTPUT" source="#Spine2-Matrix-animation-output-transform"/><input semantic="INTERPOLATION" source="#Spine2-Interpolations"/></sampler><channel source="#Spine2-Matrix-animation-transform" target="Spine2/matrix"/></animation>
    <animation id="Neck-anim" name="Neck"><source id="Neck-Matrix-animation-input"><float_array id="Neck-Matrix-animation-input-array" count="37">

0.000000 0.033333 0.066667 0.100000 0.133333 0.166667 0.200000 0.233333 0.266667 0.300000 0.333333 0.366667 0.400000 0.433333 0.466667 0.500000
0.533333 0.566667 0.600000 0.633333 0.666667 0.700000 0.733333 0.766667 0.800000 0.833333 0.866667 0.900000 0.933333 0.966667 1.000000 1.033333
1.066667 1.100000 1.133333 1.166667 1.200000</float_array><technique_common><accessor source="#Neck-Matrix-animation-input-array" count="37"><param name="TIME" type="float"/></accessor></technique_common></source><source id="Neck-Matrix-animation-output-transform"><float_array id="Neck-Matrix-animation-output-transform-array" count="592">

0.999938 -0.010551 0.003430 0.016000 0.010467 0.999666 0.023609 10.593800 -0.003678 -0.023572 0.999715 -1.477100 0.000000 0.000000 0.000000 1.000000
0.999943 -0.010551 0.001651 0.016000 0.010508 0.999654 0.024128 10.593800 -0.001905 -0.024109 0.999708 -1.477100 0.000000 0.000000 0.000000 1.000000
0.999945 -0.010441 0.000011 0.016000 0.010438 0.999640 0.024710 10.593800 -0.000269 -0.024709 0.999695 -1.477100 0.000000 0.000000 0.000000 1.000000
0.999949 -0.009893 -0.001825 0.016000 0.009936 0.999629 0.025349 10.593800 0.001574 -0.025366 0.999677 -1.477100 0.000000 0.000000 0.000000 1.000000
0.999951 -0.009355 -0.003307 0.016000 0.009439 0.999609 0.026325 10.593800 0.003059 -0.026355 0.999648 -1.477100 0.000000 0.000000 0.000000 1.000000
0.999942 -0.009773 -0.004457 0.016000 0.009892 0.999574 0.027455 10.593800 0.004187 -0.027497 0.999613 -1.477100 0.000000 0.000000 0.000000 1.000000
0.999926 -0.010770 -0.005665 0.016000 0.010926 0.999543 0.028197 10.593800 0.005359 -0.028257 0.999586 -1.477100 0.000000 0.000000 0.000000 1.000000
0.999914 -0.011542 -0.006254 0.016000 0.011725 0.999482 0.029966 10.593800 0.005904 -0.030036 0.999531 -1.477100 0.000000 0.000000 0.000000 1.000000
0.999902 -0.012456 -0.006402 0.016000 0.012657 0.999395 0.032405 10.593800 0.005994 -0.032483 0.999454 -1.477100 0.000000 0.000000 0.000000 1.000000
0.999904 -0.012160 -0.006690 0.016000 0.012379 0.999353 0.033781 10.593800 0.006275 -0.033861 0.999407 -1.477100 0.000000 0.000000 0.000000 1.000000
0.999921 -0.011027 -0.006061 0.016000 0.011235 0.999309 0.035441 10.593800 0.005666 -0.035506 0.999353 -1.477100 0.000000 0.000000 0.000000 1.000000
0.999924 -0.011567 -0.004180 0.016000 0.011718 0.999213 0.037908 10.593800 0.003738 -0.037955 0.999272 -1.477100 0.000000 0.000000 0.000000 1.000000
0.999921 -0.012447 -0.001964 0.016000 0.012514 0.999176 0.038608 10.593800 0.001482 -0.038630 0.999252 -1.477100 0.000000 0.000000 0.000000 1.000000
0.999927 -0.012035 0.000536 0.016000 0.012008 0.999275 0.036132 10.593800 -0.000970 -0.036123 0.999347 -1.477100 0.000000 0.000000 0.000000 1.000000
0.999932 -0.011134 0.003542 0.016000 0.011012 0.999402 0.032774 10.593800 -0.003905 -0.032733 0.999457 -1.477100 0.000000 0.000000 0.000000 1.000000
0.999918 -0.010940 0.006601 0.016000 0.010736 0.999485 0.030231 10.593800 -0.006928 -0.030158 0.999521 -1.477100 0.000000 0.000000 0.000000 1.000000
0.999897 -0.011150 0.009084 0.016000 0.010884 0.999527 0.028779 10.593800 -0.009400 -0.028677 0.999545 -1.477100 0.000000 0.000000 0.000000 1.000000
0.999874 -0.011706 0.010714 0.016000 0.011395 0.999525 0.028630 10.593800 -0.011044 -0.028504 0.999533 -1.477100 0.000000 0.000000 0.000000 1.000000
0.999860 -0.012012 0.011667 0.016000 0.011668 0.999507 0.029133 10.593800 -0.012011 -0.028992 0.999507 -1.477100 0.000000 0.000000 0.000000 1.000000
0.999859 -0.011431 0.012299 0.016000 0.011057 0.999487 0.030071 10.593800 -0.012636 -0.029931 0.999472 -1.477100 0.000000 0.000000 0.000000 1.000000
0.999863 -0.010326 0.012900 0.016000 0.009914 0.999452 0.031593 10.593800 -0.013219 -0.031461 0.999418 -1.477100 0.000000 0.000000 0.000000 1.000000
0.999868 -0.009553 0.013176 0.016000 0.009105 0.999393 0.033637 10.593800 -0.013489 -0.033513 0.999347 -1.477100 0.000000 0.000000 0.000000 1.000000
0.999870 -0.008977 0.013420 0.016000 0.008500 0.999346 0.035145 10.593800 -0.013727 -0.035026 0.999292 -1.477100 0.000000 0.000000 0.000000 1.000000
0.999860 -0.009023 0.014066 0.016000 0.008520 0.999337 0.035409 10.593800 -0.014376 -0.035285 0.999274 -1.477100 0.000000 0.000000 0.000000 1.000000
0.999835 -0.010414 0.014907 0.016000 0.009871 0.999302 0.036021 10.593800 -0.015271 -0.035868 0.999240 -1.477100 0.000000 0.000000 0.000000 1.000000
0.999791 -0.012205 0.016374 0.016000 0.011607 0.999279 0.036141 10.593800 -0.016803 -0.035943 0.999213 -1.477100 0.000000 0.000000 0.000000 1.000000
0.999739 -0.013185 0.018667 0.016000 0.012540 0.999334 0.034276 10.593800 -0.019106 -0.034033 0.999238 -1.477100 0.000000 0.000000 0.000000 1.000000
0.999705 -0.014109 0.019758 0.016000 0.013469 0.999393 0.032139 10.593800 -0.020200 -0.031864 0.999288 -1.477100 0.000000 0.000000 0.000000 1.000000
0.999704 -0.015162 0.019034 0.016000 0.014547 0.999381 0.032035 10.593800 -0.019508 -0.031749 0.999305 -1.477100 0.000000 0.000000 0.000000 1.000000
0.999719 -0.015249 0.018124 0.016000 0.014645 0.999349 0.032984 10.593800 -0.018615 -0.032709 0.999292 -1.477100 0.000000 0.000000 0.000000 1.000000
0.999743 -0.014968 0.017041 0.016000 0.014400 0.999354 0.032936 10.593800 -0.017523 -0.032682 0.999312 -1.477100 0.000000 0.000000 0.000000 1.000000
0.999779 -0.014513 0.015220 0.016000 0.014024 0.999397 0.031757 10.593800 -0.015672 -0.031537 0.999380 -1.477100 0.000000 0.000000 0.000000 1.000000
0.999819 -0.013988 0.012870 0.016000 0.013596 0.999456 0.030061 10.593800 -0.013283 -0.029880 0.999465 -1.477100 0.000000 0.000000 0.000000 1.000000
0.999851 -0.013678 0.010505 0.016000 0.013371 0.999497 0.028770 10.593800 -0.010893 -0.028626 0.999531 -1.477100 0.000000 0.000000 0.000000 1.000000
0.999885 -0.012709 0.008274 0.016000 0.012481 0.999559 0.026960 10.593800 -0.008613 -0.026854 0.999602 -1.477100 0.000000 0.000000 0.000000 1.000000
0.999923 -0.010881 0.005943 0.016000 0.010731 0.999637 0.024710 10.593800 -0.006210 -0.024644 0.999677 -1.477100 0.000000 0.000000 0.000000 1.000000
0.999938 -0.010620 0.003430 0.016000 0.010536 0.999666 0.023609 10.593800 -0.003680 -0.023571 0.999715 -1.477100 0.000000 0.000000 0.000000 1.000000</float_array><technique_common><accessor source="#Neck-Matrix-animation-output-transform-array" count="37" stride="16"><param type="float4x4"/></accessor></technique_common></source><source id="Neck-Interpolations"><Name_array id="Neck-Interpolations-array" count="37">
 LINEAR LINEAR LINEAR LINEAR LINEAR LINEAR LINEAR LINEAR LINEAR LINEAR LINEAR
LINEAR LINEAR LINEAR LINEAR LINEAR LINEAR LINEAR LINEAR LINEAR LINEAR LINEAR LINEAR
LINEAR LINEAR LINEAR LINEAR LINEAR LINEAR LINEAR LINEAR LINEAR LINEAR LINEAR LINEAR
LINEAR LINEAR</Name_array><technique_common><accessor source="#Neck-Interpolations-array" count="37"><param type="name"/></accessor></technique_common></source><sampler id="Neck-Matrix-animation-transform"><input semantic="INPUT" source="#Neck-Matrix-animation-input"/><input semantic="OUTPUT" source="#Neck-Matrix-animation-output-transform"/><input semantic="INTERPOLATION" source="#Neck-Interpolations"/></sampler><channel source="#Neck-Matrix-animation-transform" target="Neck/matrix"/></animation>
    <animation id="Head-anim" name="Head"><source id="Head-Matrix-animation-input"><float_array id="Head-Matrix-animation-input-array" count="37">

0.000000 0.033333 0.066667 0.100000 0.133333 0.166667 0.200000 0.233333 0.266667 0.300000 0.333333 0.366667 0.400000 0.433333 0.466667 0.500000
0.533333 0.566667 0.600000 0.633333 0.666667 0.700000 0.733333 0.766667 0.800000 0.833333 0.866667 0.900000 0.933333 0.966667 1.000000 1.033333
1.066667 1.100000 1.133333 1.166667 1.200000</float_array><technique_common><accessor source="#Head-Matrix-animation-input-array" count="37"><param name="TIME" type="float"/></accessor></technique_common></source><source id="Head-Matrix-animation-output-transform"><float_array id="Head-Matrix-animation-output-transform-array" count="592">

0.992724 0.075791 0.093571 0.000000 -0.078919 0.996424 0.030193 5.056400 -0.090948 -0.037358 0.995155 0.719600 0.000000 0.000000 0.000000 1.000000
0.993673 0.073260 0.085129 0.000000 -0.076570 0.996404 0.036283 5.056400 -0.082165 -0.042572 0.995709 0.719600 0.000000 0.000000 0.000000 1.000000
0.994816 0.068785 0.074903 0.000000 -0.072137 0.996467 0.043010 5.056400 -0.071680 -0.048190 0.996263 0.719600 0.000000 0.000000 0.000000 1.000000
0.996255 0.063992 0.058139 0.000000 -0.067243 0.996175 0.055804 5.056400 -0.054345 -0.059504 0.996748 0.719600 0.000000 0.000000 0.000000 1.000000
0.997086 0.062530 0.043695 0.000000 -0.065330 0.995686 0.065885 5.056400 -0.039387 -0.068548 0.996870 0.719600 0.000000 0.000000 0.000000 1.000000
0.997458 0.061764 0.035532 0.000000 -0.064012 0.995762 0.066037 5.056400 -0.031303 -0.068144 0.997184 0.719600 0.000000 0.000000 0.000000 1.000000
0.997677 0.060737 0.030838 -0.000000 -0.062587 0.996044 0.063087 5.056400 -0.026884 -0.064871 0.997531 0.719600 0.000000 0.000000 0.000000 1.000000
0.997535 0.062296 0.032296 -0.000000 -0.064377 0.995605 0.068017 5.056400 -0.027917 -0.069929 0.997161 0.719600 0.000000 0.000000 0.000000 1.000000
0.997553 0.060334 0.035312 0.000000 -0.062893 0.995084 0.076500 5.056400 -0.030523 -0.078534 0.996444 0.719600 0.000000 0.000000 0.000000 1.000000
0.997904 0.054959 0.034163 -0.000000 -0.057286 0.995805 0.071356 5.056400 -0.030098 -0.073163 0.996866 0.719600 0.000000 0.000000 0.000000 1.000000
0.997604 0.055709 0.041028 0.000000 -0.057894 0.996854 0.054134 5.056400 -0.037884 -0.056380 0.997690 0.719600 0.000000 0.000000 0.000000 1.000000
0.996336 0.060871 0.060071 0.000000 -0.063775 0.996826 0.047662 5.056400 -0.056979 -0.051318 0.997056 0.719600 0.000000 0.000000 0.000000 1.000000
0.994713 0.066062 0.078623 0.000000 -0.070315 0.996136 0.052612 5.056400 -0.074844 -0.057862 0.995515 0.719600 0.000000 0.000000 0.000000 1.000000
0.993122 0.069706 0.094075 0.000000 -0.074637 0.995959 0.049957 5.056400 -0.090212 -0.056635 0.994311 0.719600 0.000000 0.000000 0.000000 1.000000
