<?xml version="1.0" encoding="utf-8"?>
<COLLADA xmlns="http://www.collada.org/2005/11/COLLADASchema" version="1.4.1">
  <asset><contributor><author>Mixamo</author><authoring_tool>COLLADA Mixamo exporter</authoring_tool><comments></comments></contributor><created>2018-10-29T23:13:24Z</created><modified>2018-10-29T23:13:24Z</modified><revision></revision><title></title><unit meter="0.010000"/><up_axis>Y_UP</up_axis></asset>
  <library_animations>
    <animation id="Hips-anim" name="Hips"><source id="Hips-Matrix-animation-input"><float_array id="Hips-Matrix-animation-input-array" count="30">

0.000000 0.033333 0.066667 0.100000 0.133333 0.166667 0.200000 0.233333 0.266667 0.300000 0.333333 0.366667 0.400000 0.433333 0.466667 0.500000
0.533333 0.566667 0.600000 0.633333 0.666667 0.700000 0.733333 0.766667 0.800000 0.833333 0.866667 0.900000 0.933333 0.966667</float_array><technique_common><accessor source="#Hips-Matrix-animation-input-array" count="30"><param name="TIME" type="float"/></accessor></technique_common></source><source id="Hips-Matrix-animation-output-transform"><float_array id="Hips-Matrix-animation-output-transform-array" count="480">

0.998969 0.016712 -0.042201 -0.082841 -0.019085 0.998221 -0.056481 77.324600 0.041182 0.057229 0.997511 1.096590 0.000000 0.000000 0.000000 1.000000
0.998115 0.010937 -0.060396 -0.021029 -0.014330 0.998325 -0.056045 77.002411 0.059682 0.056805 0.996600 -2.096267 0.000000 0.000000 0.000000 1.000000
0.996692 0.006253 -0.081036 0.115978 -0.010388 0.998660 -0.050701 76.430603 0.080610 0.051375 0.995421 -5.268249 0.000000 0.000000 0.000000 1.000000
0.994779 0.002392 -0.102024 0.358641 -0.006635 0.999126 -0.041273 75.672020 0.101836 0.041735 0.993925 -8.450097 0.000000 0.000000 0.000000 1.000000
0.992811 -0.000124 -0.119693 0.696219 -0.003855 0.999448 -0.033012 74.952385 0.119631 0.033236 0.992262 -11.751661 0.000000 0.000000 0.000000 1.000000
0.991412 -0.002877 -0.130743 1.070561 -0.001493 0.999444 -0.033314 74.470856 0.130766 0.033223 0.990856 -15.288669 0.000000 0.000000 0.000000 1.000000
0.990901 -0.005935 -0.134464 1.425704 -0.000151 0.998978 -0.045203 74.429138 0.134595 0.044812 0.989887 -19.233410 0.000000 0.000000 0.000000 1.000000
0.990976 -0.013498 -0.133361 1.734110 0.005044 0.997967 -0.063527 74.704178 0.133947 0.062281 0.989029 -23.558891 0.000000 0.000000 0.000000 1.000000
0.990641 -0.027697 -0.133653 1.999661 0.017338 0.996798 -0.078057 75.088303 0.135387 0.075010 0.987949 -28.023626 0.000000 0.000000 0.000000 1.000000
0.988902 -0.045626 -0.141392 2.239222 0.034304 0.996082 -0.081506 75.476646 0.144557 0.075751 0.986593 -32.263935 0.000000 0.000000 0.000000 1.000000
0.985882 -0.065245 -0.154209 2.446889 0.054228 0.995738 -0.074604 75.773979 0.158419 0.065189 0.985218 -35.961380 0.000000 0.000000 0.000000 1.000000
0.983507 -0.078446 -0.162973 2.600891 0.068848 0.995589 -0.063737 76.148888 0.167254 0.051465 0.984570 -39.343163 0.000000 0.000000 0.000000 1.000000
0.984045 -0.085771 -0.155880 2.675542 0.078093 0.995442 -0.054740 76.478462 0.159865 0.041693 0.986258 -42.594215 0.000000 0.000000 0.000000 1.000000
0.987639 -0.085884 -0.131122 2.677052 0.080006 0.995566 -0.049471 76.666740 0.134790 0.038369 0.990131 -45.860432 0.000000 0.000000 0.000000 1.000000
0.991908 -0.082133 -0.096810 2.624002 0.077949 0.995884 -0.046246 76.660744 0.100210 0.038325 0.994228 -49.153751 0.000000 0.000000 0.000000 1.000000
0.994842 -0.077849 -0.065026 2.538177 0.075177 0.996261 -0.042577 76.420296 0.068097 0.037469 0.996975 -52.450222 0.000000 0.000000 0.000000 1.000000
0.996188 -0.075631 -0.043476 2.417528 0.074021 0.996551 -0.037520 75.946655 0.046164 0.034158 0.998350 -55.758442 0.000000 0.000000 0.000000 1.000000
0.996650 -0.074870 -0.032906 2.237662 0.073794 0.996734 -0.032797 75.285881 0.035254 0.030259 0.998920 -59.110199 0.000000 0.000000 0.000000 1.000000
0.996838 -0.073578 -0.030014 1.979407 0.072598 0.996830 -0.032544 74.645607 0.032313 0.030262 0.999020 -62.597095 0.000000 0.000000 0.000000 1.000000
0.997235 -0.067311 -0.031497 1.642445 0.066002 0.996982 -0.040885 74.200546 0.034154 0.038693 0.998667 -66.321709 0.000000 0.000000 0.000000 1.000000
0.997861 -0.055083 -0.035189 1.240448 0.052998 0.996928 -0.057676 74.019516 0.038258 0.055688 0.997715 -70.382805 0.000000 0.000000 0.000000 1.000000
0.998473 -0.039154 -0.038972 0.809495 0.036091 0.996424 -0.076397 74.033134 0.041824 0.074874 0.996316 -74.773827 0.000000 0.000000 0.000000 1.000000
0.999018 -0.020242 -0.039417 0.412918 0.016697 0.995956 -0.088277 74.182793 0.041045 0.087532 0.995316 -79.295830 0.000000 0.000000 0.000000 1.000000
0.999465 0.001770 -0.032663 0.106774 -0.004691 0.995969 -0.089574 74.445305 0.032373 0.089679 0.995444 -83.664856 0.000000 0.000000 0.000000 1.000000
0.999571 0.023432 -0.017568 -0.094267 -0.024827 0.996166 -0.083891 74.752838 0.015535 0.084291 0.996320 -87.685593 0.000000 0.000000 0.000000 1.000000
0.999197 0.040071 -0.000010 -0.207711 -0.039953 0.996221 -0.077124 75.138054 -0.003081 0.077063 0.997021 -91.318771 0.000000 0.000000 0.000000 1.000000
0.998860 0.046704 0.009894 -0.253747 -0.045877 0.996369 -0.071725 75.634705 -0.013208 0.071189 0.997375 -94.672081 0.000000 0.000000 0.000000 1.000000
0.999094 0.042263 0.005088 -0.243164 -0.041829 0.996887 -0.066831 76.230064 -0.007897 0.066558 0.997751 -97.849266 0.000000 0.000000 0.000000 1.000000
0.999442 0.030363 -0.013929 -0.183753 -0.031166 0.997611 -0.061652 76.825462 0.012024 0.062052 0.998000 -100.902962 0.000000 0.000000 0.000000 1.000000
0.998969 0.016712 -0.042201 -0.082841 -0.019085 0.998221 -0.056481 77.324600 0.041182 0.057229 0.997511 -103.859215 0.000000 0.000000 0.000000 1.000000</float_array><technique_common><accessor source="#Hips-Matrix-animation-output-transform-array" count="30" stride="16"><param type="float4x4"/></accessor></technique_common></source><source id="Hips-Interpolations"><Name_array id="Hips-Interpolations-array" count="30">
 LINEAR LINEAR LINEAR LINEAR LINEAR LINEAR LINEAR LINEAR LINEAR LINEAR LINEAR
LINEAR LINEAR LINEAR LINEAR LINEAR LINEAR LINEAR LINEAR LINEAR LINEAR LINEAR LINEAR
LINEAR LINEAR LINEAR LINEAR LINEAR LINEAR LINEAR</Name_array><technique_common><accessor source="#Hips-Interpolations-array" count="30"><param type="name"/></accessor></technique_common></source><sampler id="Hips-Matrix-animation-transform"><input semantic="INPUT" source="#Hips-Matrix-animation-input"/><input semantic="OUTPUT" source="#Hips-Matrix-animation-output-transform"/><input semantic="INTERPOLATION" source="#Hips-Interpolations"/></sampler><channel source="#Hips-Matrix-animation-transform" target="Hips/matrix"/></animation>
    <animation id="Spine-anim" name="Spine"><source id="Spine-Matrix-animation-input"><float_array id="Spine-Matrix-animation-input-array" count="30">

0.000000 0.033333 0.066667 0.100000 0.133333 0.166667 0.200000 0.233333 0.266667 0.300000 0.333333 0.366667 0.400000 0.433333 0.466667 0.500000
0.533333 0.566667 0.600000 0.633333 0.666667 0.700000 0.733333 0.766667 0.800000 0.833333 0.866667 0.900000 0.933333 0.966667</float_array><technique_common><accessor source="#Spine-Matrix-animation-input-array" count="30"><param name="TIME" type="float"/></accessor></technique_common></source><source id="Spine-Matrix-animation-output-transform"><float_array id="Spine-Matrix-animation-output-transform-array" count="480">

0.999598 0.002709 0.028227 0.009000 -0.001416 0.998954 -0.045697 7.062600 -0.028322 0.045639 0.998556 -0.984700 0.000000 0.000000 0.000000 1.000000
0.999803 0.007811 0.018264 0.009000 -0.007035 0.999084 -0.042208 7.062600 -0.018577 0.042072 0.998942 -0.984700 0.000000 0.000000 0.000000 1.000000
0.999909 0.010435 0.008572 0.009000 -0.010081 0.999136 -0.040327 7.062600 -0.008986 0.040237 0.999150 -0.984700 0.000000 0.000000 0.000000 1.000000
0.999945 0.010458 -0.000322 0.009000 -0.010463 0.999150 -0.039865 7.062600 -0.000096 0.039866 0.999205 -0.984700 0.000000 0.000000 0.000000 1.000000
0.999934 0.007962 -0.008276 0.009000 -0.008280 0.999201 -0.039103 7.062600 0.007958 0.039169 0.999201 -0.984700 0.000000 0.000000 0.000000 1.000000
0.999865 0.005972 -0.015323 0.009000 -0.006525 0.999319 -0.036307 7.062600 0.015096 0.036402 0.999223 -0.984700 0.000000 0.000000 0.000000 1.000000
0.999764 0.005742 -0.020966 0.009000 -0.006422 0.999452 -0.032487 7.062600 0.020768 0.032614 0.999252 -0.984700 0.000000 0.000000 0.000000 1.000000
0.999625 0.011744 -0.024724 0.009000 -0.012512 0.999437 -0.031130 7.062600 0.024345 0.031428 0.999209 -0.984700 0.000000 0.000000 0.000000 1.000000
0.999357 0.025281 -0.025431 0.009000 -0.026156 0.999056 -0.034693 7.062600 0.024530 0.035336 0.999074 -0.984700 0.000000 0.000000 0.000000 1.000000
0.998866 0.041935 -0.022549 0.009000 -0.042849 0.998211 -0.041687 7.062600 0.020760 0.042606 0.998876 -0.984700 0.000000 0.000000 0.000000 1.000000
0.998085 0.058695 -0.019505 0.009000 -0.059564 0.997098 -0.047416 7.062600 0.016665 0.048487 0.998685 -0.984700 0.000000 0.000000 0.000000 1.000000
0.997519 0.067959 -0.018367 0.009000 -0.068772 0.996477 -0.048002 7.062600 0.015040 0.049147 0.998678 -0.984700 0.000000 0.000000 0.000000 1.000000
0.997213 0.071703 -0.020633 0.009000 -0.072541 0.996427 -0.043266 7.062600 0.017457 0.044642 0.998851 -0.984700 0.000000 0.000000 0.000000 1.000000
0.997293 0.069826 -0.023053 0.009000 -0.070633 0.996842 -0.036301 7.062600 0.020446 0.037831 0.999075 -0.984700 0.000000 0.000000 0.000000 1.000000
0.997573 0.065909 -0.022453 0.009000 -0.066573 0.997323 -0.030245 7.062600 0.020399 0.031667 0.999290 -0.984700 0.000000 0.000000 0.000000 1.000000
0.997882 0.062742 -0.017149 0.009000 -0.063182 0.997651 -0.026456 7.062600 0.015449 0.027483 0.999503 -0.984700 0.000000 0.000000 0.000000 1.000000
0.998017 0.062466 -0.007801 0.009000 -0.062641 0.997730 -0.024733 7.062600 0.006238 0.025173 0.999664 -0.984700 0.000000 0.000000 0.000000 1.000000
0.997934 0.064152 0.003581 0.009000 -0.064049 0.997659 -0.023955 7.062600 -0.005110 0.023677 0.999707 -0.984700 0.000000 0.000000 0.000000 1.000000
0.997765 0.065136 0.014914 0.009000 -0.064793 0.997647 -0.022428 7.062600 -0.016340 0.021411 0.999637 -0.984700 0.000000 0.000000 0.000000 1.000000
0.997852 0.060632 0.024815 0.009000 -0.060162 0.998003 -0.019254 7.062600 -0.025933 0.017719 0.999507 -0.984700 0.000000 0.000000 0.000000 1.000000
0.998210 0.050572 0.031928 0.009000 -0.050069 0.998612 -0.016372 7.062600 -0.032712 0.014745 0.999356 -0.984700 0.000000 0.000000 0.000000 1.000000
0.998660 0.038153 0.034954 0.009000 -0.037541 0.999133 -0.017986 7.062600 -0.035610 0.016649 0.999227 -0.984700 0.000000 0.000000 0.000000 1.000000
0.999165 0.023251 0.033586 0.009000 -0.022370 0.999402 -0.026371 7.062600 -0.034180 0.025598 0.999088 -0.984700 0.000000 0.000000 0.000000 1.000000
0.999565 0.004106 0.029221 0.009000 -0.002965 0.999235 -0.038992 7.062600 -0.029359 0.038888 0.998812 -0.984700 0.000000 0.000000 0.000000 1.000000
0.999582 -0.015988 0.024078 0.009000 0.017190 0.998572 -0.050582 7.062600 -0.023235 0.050975 0.998430 -0.984700 0.000000 0.000000 0.000000 1.000000
0.999293 -0.031024 0.021254 0.009000 0.032197 0.997837 -0.057303 7.062600 -0.019430 0.057947 0.998131 -0.984700 0.000000 0.000000 0.000000 1.000000
0.999134 -0.035140 0.022279 0.009000 0.036394 0.997616 -0.058636 7.062600 -0.020165 0.059396 0.998031 -0.984700 0.000000 0.000000 0.000000 1.000000
0.999288 -0.027680 0.025653 0.009000 0.029086 0.997998 -0.056152 7.062600 -0.024048 0.056858 0.998093 -0.984700 0.000000 0.000000 0.000000 1.000000
0.999513 -0.013042 0.028342 0.009000 0.014491 0.998565 -0.051552 7.062600 -0.027629 0.051937 0.998268 -0.984700 0.000000 0.000000 0.000000 1.000000
0.999598 0.002708 0.028228 0.009000 -0.001416 0.998954 -0.045697 7.062600 -0.028322 0.045639 0.998556 -0.984700 0.000000 0.000000 0.000000 1.000000</float_array><technique_common><accessor source="#Spine-Matrix-animation-output-transform-array" count="30" stride="16"><param type="float4x4"/></accessor></technique_common></source><source id="Spine-Interpolations"><Name_array id="Spine-Interpolations-array" count="30">
 LINEAR LINEAR LINEAR LINEAR LINEAR LINEAR LINEAR LINEAR LINEAR LINEAR LINEAR
LINEAR LINEAR LINEAR LINEAR LINEAR LINEAR LINEAR LINEAR LINEAR LINEAR LINEAR LINEAR
LINEAR LINEAR LINEAR LINEAR LINEAR LINEAR LINEAR</Name_array><technique_common><accessor source="#Spine-Interpolations-array" count="30"><param type="name"/></accessor></technique_common></source><sampler id="Spine-Matrix-animation-transform"><input semantic="INPUT" source="#Spine-Matrix-animation-input"/><input semantic="OUTPUT" source="#Spine-Matrix-animation-output-transform"/><input semantic="INTERPOLATION" source="#Spine-Interpolations"/></sampler><channel source="#Spine-Matrix-animation-transform" target="Spine/matrix"/></animation>
    <animation id="Spine1-anim" name="Spine1"><source id="Spine1-Matrix-animation-input"><float_array id="Spine1-Matrix-animation-input-array" count="30">

0.000000 0.033333 0.066667 0.100000 0.133333 0.166667 0.200000 0.233333 0.266667 0.300000 0.333333 0.366667 0.400000 0.433333 0.466667 0.500000
0.533333 0.566667 0.600000 0.633333 0.666667 0.700000 0.733333 0.766667 0.800000 0.833333 0.866667 0.900000 0.933333 0.966667</float_array><technique_common><accessor source="#Spine1-Matrix-animation-input-array" count="30"><param name="TIME" type="float"/></accessor></technique_common></source><source id="Spine1-Matrix-animation-output-transform"><float_array id="Spine1-Matrix-animation-output-transform-array" count="480">

0.999874 0.006421 0.014514 0.012400 -0.005864 0.999256 -0.038130 8.239700 -0.014748 0.038040 0.999167 -1.148800 0.000000 0.000000 0.000000 1.000000
0.999925 0.006242 0.010577 0.012400 -0.005869 0.999372 -0.034942 8.239700 -0.010789 0.034877 0.999333 -1.148800 0.000000 0.000000 0.000000 1.000000
0.999964 0.005176 0.006704 0.012400 -0.004954 0.999456 -0.032614 8.239700 -0.006869 0.032580 0.999446 -1.148800 0.000000 0.000000 0.000000 1.000000
0.999989 0.003640 0.003096 0.012400 -0.003542 0.999507 -0.031205 8.239700 -0.003208 0.031194 0.999508 -1.148800 0.000000 0.000000 0.000000 1.000000
0.999998 0.001974 -0.000453 0.012400 -0.001987 0.999553 -0.029820 8.239700 0.000394 0.029820 0.999555 -1.148800 0.000000 0.000000 0.000000 1.000000
0.999991 0.000622 -0.004226 0.012400 -0.000738 0.999619 -0.027578 8.239700 0.004207 0.027581 0.999611 -1.148800 0.000000 0.000000 0.000000 1.000000
0.999969 0.000681 -0.007896 0.012400 -0.000880 0.999681 -0.025258 8.239700 0.007876 0.025264 0.999650 -1.148800 0.000000 0.000000 0.000000 1.000000
0.999941 0.003474 -0.010306 0.012400 -0.003730 0.999683 -0.024896 8.239700 0.010217 0.024933 0.999637 -1.148800 0.000000 0.000000 0.000000 1.000000
0.999912 0.008639 -0.010108 0.012400 -0.008913 0.999583 -0.027467 8.239700 0.009866 0.027555 0.999572 -1.148800 0.000000 0.000000 0.000000 1.000000
0.999886 0.013326 -0.007077 0.012400 -0.013543 0.999412 -0.031506 8.239700 0.006653 0.031598 0.999479 -1.148800 0.000000 0.000000 0.000000 1.000000
0.999889 0.014567 -0.003039 0.012400 -0.014663 0.999303 -0.034343 8.239700 0.002537 0.034384 0.999405 -1.148800 0.000000 0.000000 0.000000 1.000000
0.999925 0.012204 -0.000889 0.012400 -0.012228 0.999329 -0.034538 8.239700 0.000467 0.034546 0.999403 -1.148800 0.000000 0.000000 0.000000 1.000000
0.999960 0.008748 -0.002108 0.012400 -0.008812 0.999425 -0.032740 8.239700 0.001820 0.032757 0.999462 -1.148800 0.000000 0.000000 0.000000 1.000000
0.999963 0.006756 -0.005360 0.012400 -0.006915 0.999517 -0.030295 8.239700 0.005153 0.030331 0.999527 -1.148800 0.000000 0.000000 0.000000 1.000000
0.999946 0.006922 -0.007743 0.012400 -0.007136 0.999586 -0.027878 8.239700 0.007547 0.027932 0.999581 -1.148800 0.000000 0.000000 0.000000 1.000000
0.999938 0.008410 -0.007294 0.012400 -0.008594 0.999633 -0.025682 8.239700 0.007075 0.025743 0.999644 -1.148800 0.000000 0.000000 0.000000 1.000000
0.999938 0.010285 -0.004229 0.012400 -0.010383 0.999658 -0.023998 8.239700 0.003981 0.024041 0.999703 -1.148800 0.000000 0.000000 0.000000 1.000000
0.999925 0.012239 0.000026 0.012400 -0.012235 0.999664 -0.022861 8.239700 -0.000306 0.022858 0.999739 -1.148800 0.000000 0.000000 0.000000 1.000000
0.999890 0.014103 0.004603 0.012400 -0.014001 0.999672 -0.021439 8.239700 -0.004904 0.021372 0.999760 -1.148800 0.000000 0.000000 0.000000 1.000000
0.999839 0.015137 0.009634 0.012400 -0.014953 0.999710 -0.018891 8.239700 -0.009917 0.018743 0.999775 -1.148800 0.000000 0.000000 0.000000 1.000000
0.999788 0.014169 0.014959 0.012400 -0.013926 0.999771 -0.016238 8.239700 -0.015185 0.016027 0.999756 -1.148800 0.000000 0.000000 0.000000 1.000000
0.999766 0.010464 0.018931 0.012400 -0.010156 0.999815 -0.016342 8.239700 -0.019098 0.016146 0.999687 -1.148800 0.000000 0.000000 0.000000 1.000000
0.999805 0.004502 0.019233 0.012400 -0.004097 0.999770 -0.021057 8.239700 -0.019323 0.020974 0.999593 -1.148800 0.000000 0.000000 0.000000 1.000000
0.999882 -0.002024 0.015220 0.012400 0.002462 0.999583 -0.028779 8.239700 -0.015156 0.028813 0.999470 -1.148800 0.000000 0.000000 0.000000 1.000000
0.999932 -0.007043 0.009244 0.012400 0.007368 0.999337 -0.035649 8.239700 -0.008987 0.035715 0.999322 -1.148800 0.000000 0.000000 0.000000 1.000000
0.999945 -0.009062 0.005192 0.012400 0.009259 0.999187 -0.039235 8.239700 -0.004832 0.039281 0.999217 -1.148800 0.000000 0.000000 0.000000 1.000000
0.999956 -0.007652 0.005361 0.012400 0.007861 0.999162 -0.040166 8.239700 -0.005049 0.040206 0.999179 -1.148800 0.000000 0.000000 0.000000 1.000000
0.999955 -0.003554 0.008756 0.012400 0.003903 0.999186 -0.040145 8.239700 -0.008606 0.040177 0.999156 -1.148800 0.000000 0.000000 0.000000 1.000000
0.999920 0.001657 0.012546 0.012400 -0.001158 0.999212 -0.039679 8.239700 -0.012602 0.039662 0.999134 -1.148800 0.000000 0.000000 0.000000 1.000000
0.999874 0.006421 0.014514 0.012400 -0.005864 0.999256 -0.038130 8.239700 -0.014748 0.038040 0.999167 -1.148800 0.000000 0.000000 0.000000 1.000000</float_array><technique_common><accessor source="#Spine1-Matrix-animation-output-transform-array" count="30" stride="16"><param type="float4x4"/></accessor></technique_common></source><source id="Spine1-Interpolations"><Name_array id="Spine1-Interpolations-array" count="30">
 LINEAR LINEAR LINEAR LINEAR LINEAR LINEAR LINEAR LINEAR LINEAR LINEAR LINEAR
LINEAR LINEAR LINEAR LINEAR LINEAR LINEAR LINEAR LINEAR LINEAR LINEAR LINEAR LINEAR
LINEAR LINEAR LINEAR LINEAR LINEAR LINEAR LINEAR</Name_array><technique_common><accessor source="#Spine1-Interpolations-array" count="30"><param type="name"/></accessor></technique_common></source><sampler id="Spine1-Matrix-animation-transform"><input semantic="INPUT" source="#Spine1-Matrix-animation-input"/><input semantic="OUTPUT" source="#Spine1-Matrix-animation-output-transform"/><input semantic="INTERPOLATION" source="#Spine1-Interpolations"/></sampler><channel source="#Spine1-Matrix-animation-transform" target="Spine1/matrix"/></animation>
    <animation id="Spine2-anim" name="Spine2"><source id="Spine2-Matrix-animation-input"><float_array id="Spine2-Matrix-animation-input-array" count="30">

0.000000 0.033333 0.066667 0.100000 0.133333 0.166667 0.200000 0.233333 0.266667 0.300000 0.333333 0.366667 0.400000 0.433333 0.466667 0.500000
0.533333 0.566667 0.600000 0.633333 0.666667 0.700000 0.733333 0.766667 0.800000 0.833333 0.866667 0.900000 0.933333 0.966667</float_array><technique_common><accessor source="#Spine2-Matrix-animation-input-array" count="30"><param name="TIME" type="float"/></accessor></technique_common></source><source id="Spine2-Matrix-animation-output-transform"><float_array id="Spine2-Matrix-animation-output-transform-array" count="480">

0.999887 0.005983 0.013806 0.014200 -0.005449 0.999247 -0.038404 9.416800 -0.014025 0.038325 0.999167 -1.313000 0.000000 0.000000 0.000000 1.000000
0.999934 0.005916 0.009897 0.014200 -0.005565 0.999367 -0.035150 9.416800 -0.010099 0.035092 0.999333 -1.313000 0.000000 0.000000 0.000000 1.000000
0.999970 0.004948 0.006016 0.014200 -0.004748 0.999452 -0.032753 9.416800 -0.006175 0.032724 0.999445 -1.313000 0.000000 0.000000 0.000000 1.000000
0.999991 0.003491 0.002409 0.014200 -0.003414 0.999505 -0.031276 9.416800 -0.002517 0.031268 0.999508 -1.313000 0.000000 0.000000 0.000000 1.000000
0.999998 0.001894 -0.001095 0.014200 -0.001926 0.999553 -0.029827 9.416800 0.001038 0.029829 0.999554 -1.313000 0.000000 0.000000 0.000000 1.000000
0.999988 0.000609 -0.004781 0.014200 -0.000740 0.999621 -0.027528 9.416800 0.004762 0.027531 0.999610 -1.313000 0.000000 0.000000 0.000000 1.000000
0.999965 0.000731 -0.008362 0.014200 -0.000941 0.999683 -0.025160 9.416800 0.008341 0.025167 0.999648 -1.313000 0.000000 0.000000 0.000000 1.000000
0.999936 0.003564 -0.010709 0.014200 -0.003829 0.999686 -0.024775 9.416800 0.010617 0.024815 0.999636 -1.313000 0.000000 0.000000 0.000000 1.000000
0.999907 0.008728 -0.010457 0.014200 -0.009011 0.999585 -0.027364 9.416800 0.010214 0.027455 0.999571 -1.313000 0.000000 0.000000 0.000000 1.000000
0.999883 0.013373 -0.007376 0.014200 -0.013598 0.999413 -0.031454 9.416800 0.006951 0.031550 0.999478 -1.313000 0.000000 0.000000 0.000000 1.000000
0.999889 0.014557 -0.003311 0.014200 -0.014662 0.999303 -0.034339 9.416800 0.002809 0.034383 0.999405 -1.313000 0.000000 0.000000 0.000000 1.000000
0.999925 0.012165 -0.001177 0.014200 -0.012199 0.999329 -0.034549 9.416800 0.000756 0.034561 0.999402 -1.313000 0.000000 0.000000 0.000000 1.000000
0.999959 0.008730 -0.002431 0.014200 -0.008805 0.999425 -0.032737 9.416800 0.002144 0.032757 0.999461 -1.313000 0.000000 0.000000 0.000000 1.000000
0.999961 0.006795 -0.005692 0.014200 -0.006964 0.999518 -0.030260 9.416800 0.005484 0.030298 0.999526 -1.313000 0.000000 0.000000 0.000000 1.000000
0.999943 0.007007 -0.008038 0.014200 -0.007229 0.999587 -0.027820 9.416800 0.007839 0.027877 0.999581 -1.313000 0.000000 0.000000 0.000000 1.000000
0.999936 0.008495 -0.007518 0.014200 -0.008685 0.999634 -0.025631 9.416800 0.007298 0.025695 0.999643 -1.313000 0.000000 0.000000 0.000000 1.000000
0.999937 0.010323 -0.004376 0.014200 -0.010425 0.999658 -0.023978 9.416800 0.004127 0.024022 0.999703 -1.313000 0.000000 0.000000 0.000000 1.000000
0.999925 0.012209 -0.000050 0.014200 -0.012207 0.999664 -0.022874 9.416800 -0.000229 0.022873 0.999738 -1.313000 0.000000 0.000000 0.000000 1.000000
0.999891 0.014008 0.004595 0.014200 -0.013907 0.999673 -0.021482 9.416800 -0.004895 0.021415 0.999759 -1.313000 0.000000 0.000000 0.000000 1.000000
0.999841 0.014997 0.009689 0.014200 -0.014811 0.999711 -0.018956 9.416800 -0.009971 0.018810 0.999773 -1.313000 0.000000 0.000000 0.000000 1.000000
0.999789 0.014004 0.015043 0.014200 -0.013758 0.999772 -0.016321 9.416800 -0.015268 0.016111 0.999754 -1.313000 0.000000 0.000000 0.000000 1.000000
0.999767 0.010287 0.018974 0.014200 -0.009976 0.999815 -0.016433 9.416800 -0.019139 0.016240 0.999685 -1.313000 0.000000 0.000000 0.000000 1.000000
0.999807 0.004322 0.019172 0.014200 -0.003917 0.999769 -0.021141 9.416800 -0.019259 0.021062 0.999593 -1.313000 0.000000 0.000000 0.000000 1.000000
0.999884 -0.002182 0.015049 0.014200 0.002615 0.999581 -0.028837 9.416800 -0.014980 0.028873 0.999471 -1.313000 0.000000 0.000000 0.000000 1.000000
0.999934 -0.007143 0.009015 0.014200 0.007460 0.999336 -0.035664 9.416800 -0.008754 0.035729 0.999323 -1.313000 0.000000 0.000000 0.000000 1.000000
0.999946 -0.009107 0.004937 0.014200 0.009294 0.999187 -0.039220 9.416800 -0.004576 0.039264 0.999218 -1.313000 0.000000 0.000000 0.000000 1.000000
0.999958 -0.007710 0.005041 0.014200 0.007906 0.999162 -0.040171 9.416800 -0.004727 0.040209 0.999180 -1.313000 0.000000 0.000000 0.000000 1.000000
0.999959 -0.003717 0.008299 0.014200 0.004048 0.999183 -0.040223 9.416800 -0.008142 0.040255 0.999156 -1.313000 0.000000 0.000000 0.000000 1.000000
0.999928 0.001343 0.011933 0.014200 -0.000866 0.999205 -0.039858 9.416800 -0.011977 0.039844 0.999134 -1.313000 0.000000 0.000000 0.000000 1.000000
0.999887 0.005983 0.013806 0.014200 -0.005449 0.999247 -0.038404 9.416800 -0.014025 0.038325 0.999167 -1.313000 0.000000 0.000000 0.000000 1.000000</float_array><technique_common><accessor source="#Spine2-Matrix-animation-output-transform-array" count="30" stride="16"><param type="float4x4"/></accessor></technique_common></source><source id="Spine2-Interpolations"><Name_array id="Spine2-Interpolations-array" count="30">
 LINEAR LINEAR LINEAR LINEAR LINEAR LINEAR LINEAR LINEAR LINEAR LINEAR LINEAR
LINEAR LINEAR LINEAR LINEAR LINEAR LINEAR LINEAR LINEAR LINEAR LINEAR LINEAR LINEAR
LINEAR LINEAR LINEAR LINEAR LINEAR LINEAR LINEAR</Name_array><technique_common><accessor source="#Spine2-Interpolations-array" count="30"><param type="name"/></accessor></technique_common></source><sampler id="Spine2-Matrix-animation-transform"><input semantic="INPUT" source="#Spine2-Matrix-animation-input"/><input semantic="OUTPUT" source="#Spine2-Matrix-animation-output-transform"/><input semantic="INTERPOLATION" source="#Spine2-Interpolations"/></sampler><channel source="#Spine2-Matrix-animation-transform" target="Spine2/matrix"/></animation>
    <animation id="Neck-anim" name="Neck"><source id="Neck-Matrix-animation-input"><float_array id="Neck-Matrix-animation-input-array" count="30">

0.000000 0.033333 0.066667 0.100000 0.133333 0.166667 0.200000 0.233333 0.266667 0.300000 0.333333 0.366667 0.400000 0.433333 0.466667 0.500000
0.533333 0.566667 0.600000 0.633333 0.666667 0.700000 0.733333 0.766667 0.800000 0.833333 0.866667 0.900000 0.933333 0.966667</float_array><technique_common><accessor source="#Neck-Matrix-animation-input-array" count="30"><param name="TIME" type="float"/></accessor></technique_common></source><source id="Neck-Matrix-animation-output-transform"><float_array id="Neck-Matrix-animation-output-transform-array" count="480">

0.999983 -0.000607 -0.005738 0.016000 0.000787 0.999510 0.031288 10.593800 0.005716 -0.031292 0.999494 -1.477100 0.000000 0.000000 0.000000 1.000000
0.999996 -0.000645 -0.002568 0.016000 0.000725 0.999515 0.031124 10.593800 0.002546 -0.031125 0.999512 -1.477100 0.000000 0.000000 0.000000 1.000000
0.999999 0.000301 0.001169 0.016000 -0.000335 0.999577 0.029067 10.593800 -0.001160 -0.029068 0.999577 -1.477100 0.000000 0.000000 0.000000 1.000000
0.999987 0.001745 0.004830 0.016000 -0.001865 0.999685 0.025033 10.593800 -0.004785 -0.025042 0.999675 -1.477100 0.000000 0.000000 0.000000 1.000000
0.999966 0.002959 0.007748 0.016000 -0.003115 0.999790 0.020246 10.593800 -0.007686 -0.020270 0.999765 -1.477100 0.000000 0.000000 0.000000 1.000000
0.999948 0.003299 0.009667 0.016000 -0.003463 0.999850 0.016971 10.593800 -0.009609 -0.017003 0.999809 -1.477100 0.000000 0.000000 0.000000 1.000000
0.999940 0.002309 0.010739 0.016000 -0.002491 0.999854 0.016934 10.593800 -0.010698 -0.016960 0.999799 -1.477100 0.000000 0.000000 0.000000 1.000000
0.999938 -0.000106 0.011116 0.016000 -0.000116 0.999801 0.019946 10.593800 -0.011116 -0.019946 0.999739 -1.477100 0.000000 0.000000 0.000000 1.000000
0.999936 -0.003001 0.010864 0.016000 0.002741 0.999712 0.023856 10.593800 -0.010933 -0.023824 0.999656 -1.477100 0.000000 0.000000 0.000000 1.000000
0.999937 -0.004363 0.010304 0.016000 0.004095 0.999656 0.025922 10.593800 -0.010413 -0.025878 0.999611 -1.477100 0.000000 0.000000 0.000000 1.000000
0.999946 -0.002703 0.010056 0.016000 0.002455 0.999694 0.024609 10.593800 -0.010119 -0.024583 0.999647 -1.477100 0.000000 0.000000 0.000000 1.000000
0.999945 0.001327 0.010404 0.016000 -0.001540 0.999787 0.020564 10.593800 -0.010375 -0.020578 0.999734 -1.477100 0.000000 0.000000 0.000000 1.000000
0.999927 0.005386 0.010795 0.016000 -0.005559 0.999855 0.016087 10.593800 -0.010706 -0.016146 0.999812 -1.477100 0.000000 0.000000 0.000000 1.000000
0.999919 0.007473 0.010300 0.016000 -0.007612 0.999880 0.013473 10.593800 -0.010199 -0.013550 0.999856 -1.477100 0.000000 0.000000 0.000000 1.000000
0.999937 0.007291 0.008494 0.016000 -0.007405 0.999881 0.013521 10.593800 -0.008395 -0.013583 0.999873 -1.477100 0.000000 0.000000 0.000000 1.000000
0.999967 0.005779 0.005720 0.016000 -0.005866 0.999865 0.015345 10.593800 -0.005631 -0.015378 0.999866 -1.477100 0.000000 0.000000 0.000000 1.000000
0.999989 0.003915 0.002723 0.016000 -0.003962 0.999841 0.017388 10.593800 -0.002654 -0.017399 0.999845 -1.477100 0.000000 0.000000 0.000000 1.000000
0.999997 0.002363 0.000159 0.016000 -0.002365 0.999822 0.018721 10.593800 -0.000115 -0.018721 0.999825 -1.477100 0.000000 0.000000 0.000000 1.000000
0.999997 0.001783 -0.001723 0.016000 -0.001749 0.999804 0.019712 10.593800 0.001758 -0.019709 0.999804 -1.477100 0.000000 0.000000 0.000000 1.000000
0.999992 0.002683 -0.003069 0.016000 -0.002616 0.999762 0.021640 10.593800 0.003126 -0.021631 0.999761 -1.477100 0.000000 0.000000 0.000000 1.000000
0.999980 0.004904 -0.003995 0.016000 -0.004801 0.999665 0.025444 10.593800 0.004118 -0.025425 0.999668 -1.477100 0.000000 0.000000 0.000000 1.000000
0.999961 0.007789 -0.004232 0.016000 -0.007656 0.999503 0.030566 10.593800 0.004468 -0.030533 0.999524 -1.477100 0.000000 0.000000 0.000000 1.000000
0.999936 0.010748 -0.003455 0.016000 -0.010620 0.999325 0.035171 10.593800 0.003831 -0.035132 0.999375 -1.477100 0.000000 0.000000 0.000000 1.000000
0.999910 0.013282 -0.002028 0.016000 -0.013196 0.999201 0.037735 10.593800 0.002528 -0.037705 0.999286 -1.477100 0.000000 0.000000 0.000000 1.000000
0.999892 0.014681 -0.001117 0.016000 -0.014627 0.999161 0.038257 10.593800 0.001678 -0.038236 0.999267 -1.477100 0.000000 0.000000 0.000000 1.000000
0.999898 0.014193 -0.001730 0.016000 -0.014118 0.999187 0.037775 10.593800 0.002265 -0.037747 0.999285 -1.477100 0.000000 0.000000 0.000000 1.000000
0.999926 0.011587 -0.003680 0.016000 -0.011443 0.999251 0.036970 10.593800 0.004105 -0.036925 0.999310 -1.477100 0.000000 0.000000 0.000000 1.000000
0.999956 0.007503 -0.005684 0.016000 -0.007296 0.999336 0.035704 10.593800 0.005948 -0.035661 0.999346 -1.477100 0.000000 0.000000 0.000000 1.000000
0.999974 0.003108 -0.006521 0.016000 -0.002886 0.999426 0.033756 10.593800 0.006622 -0.033737 0.999409 -1.477100 0.000000 0.000000 0.000000 1.000000
0.999983 -0.000607 -0.005738 0.016000 0.000787 0.999510 0.031288 10.593800 0.005716 -0.031292 0.999494 -1.477100 0.000000 0.000000 0.000000 1.000000</float_array><technique_common><accessor source="#Neck-Matrix-animation-output-transform-array" count="30" stride="16"><param type="float4x4"/></accessor></technique_common></source><source id="Neck-Interpolations"><Name_array id="Neck-Interpolations-array" count="30">
 LINEAR LINEAR LINEAR LINEAR LINEAR LINEAR LINEAR LINEAR LINEAR LINEAR LINEAR
LINEAR LINEAR LINEAR LINEAR LINEAR LINEAR LINEAR LINEAR LINEAR LINEAR LINEAR LINEAR
LINEAR LINEAR LINEAR LINEAR LINEAR LINEAR LINEAR</Name_array><technique_common><accessor source="#Neck-Interpolations-array" count="30"><param type="name"/></accessor></technique_common></source><sampler id="Neck-Matrix-animation-transform"><input semantic="INPUT" source="#Neck-Matrix-animation-input"/><input semantic="OUTPUT" source="#Neck-Matrix-animation-output-transform"/><input semantic="INTERPOLATION" source="#Neck-Interpolations"/></sampler><channel source="#Neck-Matrix-animation-transform" target="Neck/matrix"/></animation>
    <animation id="Head-anim" name="Head"><source id="Head-Matrix-animation-input"><float_array id="Head-Matrix-animation-input-array" count="30">

0.000000 0.033333 0.066667 0.100000 0.133333 0.166667 0.200000 0.233333 0.266667 0.300000 0.333333 0.366667 0.400000 0.433333 0.466667 0.500000
0.533333 0.566667 0.600000 0.633333 0.666667 0.700000 0.733333 0.766667 0.800000 0.833333 0.866667 0.900000 0.933333 0.966667</float_array><technique_common><accessor source="#Head-Matrix-animation-input-array" count="30"><param name="TIME" type="float"/></accessor></technique_common></source><source id="Head-Matrix-animation-output-transform"><float_array id="Head-Matrix-animation-output-transform-array" count="480">

0.995265 -0.054148 -0.080722 -0.000000 0.064237 0.989672 0.128148 5.056400 0.072949 -0.132727 0.988464 0.719600 0.000000 0.000000 0.000000 1.000000
0.997265 -0.052832 -0.051693 0.000000 0.059312 0.989321 0.133137 5.056400 0.044108 -0.135839 0.989749 0.719600 0.000000 0.000000 0.000000 1.000000
0.998612 -0.049253 -0.018675 -0.000000 0.051364 0.989107 0.137943 5.056400 0.011677 -0.138711 0.990264 0.719600 0.000000 0.000000 0.000000 1.000000
0.998955 -0.043455 0.014146 0.000000 0.041053 0.989308 0.139942 5.056400 -0.020076 -0.139215 0.990059 0.719600 0.000000 0.000000 0.000000 1.000000
0.998454 -0.036934 0.041547 -0.000000 0.030920 0.990076 0.137089 5.056400 -0.046198 -0.135592 0.989687 0.719600 0.000000 0.000000 0.000000 1.000000
0.997632 -0.033172 0.060244 0.000000 0.024947 0.990872 0.132476 5.056400 -0.064088 -0.130660 0.989354 0.719600 0.000000 0.000000 0.000000 1.000000
0.996853 -0.036439 0.070404 0.000000 0.026640 0.990431 0.135412 5.056400 -0.074665 -0.133111 0.988285 0.719600 0.000000 0.000000 0.000000 1.000000
0.996085 -0.048158 0.074132 0.000000 0.036342 0.987526 0.153207 5.056400 -0.080585 -0.149913 0.985410 0.719600 0.000000 0.000000 0.000000 1.000000
0.995257 -0.063070 0.074070 0.000000 0.048875 0.982479 0.179850 5.056400 -0.084115 -0.175376 0.980902 0.719600 0.000000 0.000000 0.000000 1.000000
0.994724 -0.071521 0.073539 0.000000 0.055887 0.978977 0.196166 5.056400 -0.086023 -0.191021 0.977809 0.719600 0.000000 0.000000 0.000000 1.000000
0.994843 -0.068403 0.074892 0.000000 0.053513 0.981213 0.185356 5.056400 -0.086164 -0.180392 0.979813 0.719600 0.000000 0.000000 0.000000 1.000000
0.995414 -0.058269 0.075862 0.000000 0.046475 0.987763 0.148876 5.056400 -0.083609 -0.144668 0.985942 0.719600 0.000000 0.000000 0.000000 1.000000
0.996261 -0.050112 0.070375 -0.000000 0.042504 0.993486 0.105728 5.056400 -0.075215 -0.102342 0.991902 0.719600 0.000000 0.000000 0.000000 1.000000
0.997323 -0.048697 0.054555 -0.000000 0.044515 0.996157 0.075427 5.056400 -0.058018 -0.072796 0.995658 0.719600 0.000000 0.000000 0.000000 1.000000
0.998181 -0.052097 0.030349 0.000000 0.050080 0.996704 0.063827 5.056400 -0.033574 -0.062191 0.997499 0.719600 0.000000 0.000000 0.000000 1.000000
0.998401 -0.056413 0.003500 0.000000 0.056063 0.996268 0.065630 5.056400 -0.007189 -0.065329 0.997838 0.719600 0.000000 0.000000 0.000000 1.000000
0.997962 -0.060431 -0.020478 0.000000 0.061797 0.995312 0.074394 5.056400 0.015886 -0.075508 0.997019 0.719600 0.000000 0.000000 0.000000 1.000000
0.997118 -0.065131 -0.038917 0.000000 0.068300 0.993903 0.086559 5.056400 0.033042 -0.088968 0.995486 0.719600 0.000000 0.000000 0.000000 1.000000
0.996140 -0.070409 -0.052423 0.000000 0.075396 0.992108 0.100190 5.056400 0.044955 -0.103756 0.993586 0.719600 0.000000 0.000000 0.000000 1.000000
0.995285 -0.073847 -0.062888 -0.000000 0.080766 0.989993 0.115720 5.056400 0.053713 -0.120253 0.991289 0.719600 0.000000 0.000000 0.000000 1.000000
0.994876 -0.072662 -0.070296 -0.000000 0.081808 0.987124 0.137453 5.056400 0.059403 -0.142500 0.988011 0.719600 0.000000 0.000000 0.000000 1.000000
0.995216 -0.066110 -0.071938 -0.000000 0.077492 0.982546 0.169111 5.056400 0.059503 -0.173877 0.982968 0.719600 0.000000 0.000000 0.000000 1.000000
0.996233 -0.055967 -0.066238 0.000000 0.068555 0.976070 0.206369 5.056400 0.053103 -0.210132 0.976230 0.719600 0.000000 0.000000 0.000000 1.000000
0.997327 -0.045082 -0.057497 0.000000 0.057507 0.969777 0.237121 5.056400 0.045070 -0.239793 0.969777 0.719600 0.000000 0.000000 0.000000 1.000000
0.997858 -0.035729 -0.054801 0.000000 0.048376 0.966917 0.250461 5.056400 0.044040 -0.252575 0.966574 0.719600 0.000000 0.000000 0.000000 1.000000
0.997509 -0.029670 -0.063996 0.000000 0.044450 0.968839 0.243672 5.056400 0.054772 -0.245909 0.967744 0.719600 0.000000 0.000000 0.000000 1.000000
0.996300 -0.028887 -0.080938 0.000000 0.046210 0.974145 0.221145 5.056400 0.072457 -0.224067 0.971876 0.719600 0.000000 0.000000 0.000000 1.000000
0.994963 -0.034289 -0.094197 -0.000000 0.051783 0.980402 0.190082 5.056400 0.085833 -0.194002 0.977239 0.719600 0.000000 0.000000 0.000000 1.000000
0.994527 -0.043918 -0.094805 -0.000000 0.058541 0.985792 0.157441 5.056400 0.086543 -0.162129 0.982967 0.719600 0.000000 0.000000 0.000000 1.000000
0.995265 -0.054148 -0.080722 -0.000000 0.064237 0.989672 0.128148 5.056400 0.072949 -0.132727 0.988464 0.719600 0.000000 0.000000 0.000000 1.000000</float_array><technique_common><accessor source="#Head-Matrix-animation-output-transform-array" count="30" stride="16"><param type="float4x4"/></accessor></technique_common></source><source id="Head-Interpolations"><Name_array id="Head-Interpolations-array" count="30">
 LINEAR LINEAR LINEAR LINEAR LINEAR LINEAR LINEAR LINEAR LINEAR LINEAR LINEAR
LINEAR LINEAR LINEAR LINEAR LINEAR LINEAR LINEAR LINEAR LINEAR LINEAR LINEAR LINEAR
LINEAR LINEAR LINEAR LINEAR LINEAR LINEAR LINEAR</Name_array><technique_common><accessor source="#Head-Interpolations-array" count="30"><param type="name"/></accessor></technique_common></source><sampler id="Head-Matrix-animation-transform"><input semantic="INPUT" source="#Head-Matrix-animation-input"/><input semantic="OUTPUT" source="#Head-Matrix-animation-output-transform"/><input semantic="INTERPOLATION" source="#Head-Interpolations"/></sampler><channel source="#Head-Matrix-animation-transform" target="Head/matrix"/></animation>
    <animation id="LeftShoulder-anim" name="LeftShoulder"><source id="LeftShoulder-Matrix-animation-input"><float_array id="LeftShoulder-Matrix-animation-input-array" count="30">

0.000000 0.033333 0.066667 0.100000 0.133333 0.166667 0.200000 0.233333 0.266667 0.300000 0.333333 0.366667 0.400000 0.433333 0.466667 0.500000
0.533333 0.566667 0.600000 0.633333 0.666667 0.700000 0.733333 0.766667 0.800000 0.833333 0.866667 0.900000 0.933333 0.966667</float_array><technique_common><accessor source="#LeftShoulder-Matrix-animation-input-array" count="30"><param name="TIME" type="float"/></accessor></technique_common></source><source id="LeftShoulder-Matrix-animation-output-transform"><float_array id="LeftShoulder-Matrix-animation-output-transform-array" count="480">

0.983420 0.179085 -0.028540 3.528500 -0.179441 0.983714 -0.010419 8.730400 0.026209 0.015367 0.999538 -1.456100 0.000000 0.000000 0.000000 1.000000
0.984262 0.174352 -0.028795 3.528500 -0.174709 0.984566 -0.010343 8.730400 0.026548 0.015211 0.999532 -1.456100 0.000000 0.000000 0.000000 1.000000
0.984744 0.171370 -0.030192 3.528500 -0.171745 0.985088 -0.010294 8.730400 0.027978 0.015323 0.999491 -1.456100 0.000000 0.000000 0.000000 1.000000
0.984829 0.170431 -0.032632 3.528500 -0.170843 0.985245 -0.010281 8.730400 0.030398 0.015700 0.999415 -1.456100 0.000000 0.000000 0.000000 1.000000
0.984578 0.171442 -0.034851 3.528500 -0.171891 0.985062 -0.010294 8.730400 0.032566 0.016126 0.999339 -1.456100 0.000000 0.000000 0.000000 1.000000
0.984130 0.173876 -0.035419 3.528500 -0.174336 0.984632 -0.010322 8.730400 0.033080 0.016333 0.999319 -1.456100 0.000000 0.000000 0.000000 1.000000
0.983694 0.176480 -0.034642 3.528500 -0.176930 0.984169 -0.010357 8.730400 0.032266 0.016317 0.999346 -1.456100 0.000000 0.000000 0.000000 1.000000
0.983484 0.177643 -0.034665 3.528500 -0.178094 0.983959 -0.010372 8.730400 0.032267 0.016374 0.999345 -1.456100 0.000000 0.000000 0.000000 1.000000
0.983511 0.177031 -0.036961 3.528500 -0.177520 0.984063 -0.010356 8.730400 0.034539 0.016747 0.999263 -1.456100 0.000000 0.000000 0.000000 1.000000
0.983523 0.176339 -0.039833 3.528500 -0.176876 0.984179 -0.010342 8.730400 0.037380 0.017217 0.999153 -1.456100 0.000000 0.000000 0.000000 1.000000
0.983314 0.177546 -0.039642 3.528500 -0.178080 0.983962 -0.010351 8.730400 0.037168 0.017238 0.999160 -1.456100 0.000000 0.000000 0.000000 1.000000
0.982931 0.180562 -0.035280 3.528500 -0.181025 0.983423 -0.010398 8.730400 0.032818 0.016607 0.999323 -1.456100 0.000000 0.000000 0.000000 1.000000
