<?xml version="1.0" encoding="utf-8"?>
<COLLADA xmlns="http://www.collada.org/2005/11/COLLADASchema" version="1.4.1">
  <asset><contributor><author>Mixamo</author><authoring_tool>COLLADA Mixamo exporter</authoring_tool><comments></comments></contributor><created>2018-10-29T23:11:21Z</created><modified>2018-10-29T23:11:21Z</modified><revision></revision><title></title><unit meter="0.010000"/><up_axis>Y_UP</up_axis></asset>
  <library_animations>
    <animation id="Hips-anim" name="Hips"><source id="Hips-Matrix-animation-input"><float_array id="Hips-Matrix-animation-input-array" count="64">

0.000000 0.033333 0.066667 0.100000 0.133333 0.166667 0.200000 0.233333 0.266667 0.300000 0.333333 0.366667 0.400000 0.433333 0.466667 0.500000
0.533333 0.566667 0.600000 0.633333 0.666667 0.700000 0.733333 0.766667 0.800000 0.833333 0.866667 0.900000 0.933333 0.966667 1.000000 1.033333
1.066667 1.100000 1.133333 1.166667 1.200000 1.233333 1.266667 1.300000 1.333333 1.366667 1.400000 1.433333 1.466667 1.500000 1.533333 1.566667
1.600000 1.633333 1.666667 1.700000 1.733333 1.766667 1.800000 1.833333 1.866667 1.900000 1.933333 1.966667 2.000000 2.033333 2.066667 2.100000</float_array><technique_common><accessor source="#Hips-Matrix-animation-input-array" count="64"><param name="TIME" type="float"/></accessor></technique_common></source><source id="Hips-Matrix-animation-output-transform"><float_array id="Hips-Matrix-animation-output-transform-array" count="1024">

0.946520 -0.074913 0.313829 0.099472 0.105334 0.991124 -0.081103 60.636635 -0.304967 0.109823 0.946009 1.169661 0.000000 0.000000 0.000000 1.000000
0.967530 -0.026291 0.251384 1.693288 0.047188 0.995878 -0.077463 62.371456 -0.248311 0.086810 0.964783 17.186428 0.000000 0.000000 0.000000 1.000000
0.984688 0.039297 0.169837 2.769287 -0.014222 0.989122 -0.146410 63.574425 -0.173743 0.141752 0.974536 32.622215 0.000000 0.000000 0.000000 1.000000
0.992134 0.075234 0.100045 3.642152 -0.052863 0.976285 -0.209934 63.549335 -0.113467 0.202994 0.972584 47.311001 0.000000 0.000000 0.000000 1.000000
0.997246 0.052872 0.052001 4.227938 -0.042744 0.982817 -0.179563 64.122154 -0.060601 0.176845 0.982371 60.656166 0.000000 0.000000 0.000000 1.000000
0.999891 0.008566 -0.012065 4.604606 -0.009231 0.998377 -0.056190 66.008621 0.011564 0.056295 0.998347 73.645576 0.000000 0.000000 0.000000 1.000000
0.989555 -0.023267 -0.142263 5.150098 0.034215 0.996596 0.075000 68.452087 0.140033 -0.079084 0.986983 87.599861 0.000000 0.000000 0.000000 1.000000
0.960896 -0.035288 -0.274650 5.596716 0.080114 0.984856 0.153752 73.141113 0.265066 -0.169743 0.949172 100.890244 0.000000 0.000000 0.000000 1.000000
0.940966 -0.072467 -0.330654 5.416919 0.135065 0.976067 0.170445 80.506119 0.310389 -0.205043 0.928233 113.924622 0.000000 0.000000 0.000000 1.000000
0.943151 -0.141586 -0.300700 4.437494 0.189904 0.972065 0.137936 89.062675 0.272770 -0.187198 0.943691 126.314774 0.000000 0.000000 0.000000 1.000000
0.945188 -0.183795 -0.269888 3.071031 0.214250 0.972821 0.087839 97.690910 0.246408 -0.140848 0.958877 138.607407 0.000000 0.000000 0.000000 1.000000
0.936501 -0.156331 -0.313890 1.929311 0.190353 0.978398 0.080640 106.458237 0.294503 -0.135270 0.946029 150.790894 0.000000 0.000000 0.000000 1.000000
0.909423 -0.093793 -0.405157 1.411572 0.168199 0.973952 0.152075 115.191925 0.380339 -0.206448 0.901511 161.437073 0.000000 0.000000 0.000000 1.000000
0.872310 -0.031019 -0.487969 1.556201 0.176147 0.950912 0.254439 123.165550 0.456123 -0.307904 0.834953 170.261841 0.000000 0.000000 0.000000 1.000000
0.842474 0.031181 -0.537834 2.213130 0.179735 0.924858 0.335161 130.362900 0.507871 -0.379032 0.773565 176.965759 0.000000 0.000000 0.000000 1.000000
0.819090 0.101781 -0.564564 3.226457 0.144694 0.915661 0.375005 136.793411 0.555117 -0.388851 0.735282 182.326157 0.000000 0.000000 0.000000 1.000000
0.794827 0.164018 -0.584251 4.270514 0.077704 0.927347 0.366046 143.289825 0.601841 -0.336342 0.724335 187.618744 0.000000 0.000000 0.000000 1.000000
0.773858 0.185731 -0.605515 5.048410 0.025156 0.946269 0.322401 151.227539 0.632860 -0.264725 0.727605 192.778458 0.000000 0.000000 0.000000 1.000000
0.770986 0.164627 -0.615207 5.418396 0.023570 0.957973 0.285889 160.331512 0.636416 -0.234917 0.734703 197.379120 0.000000 0.000000 0.000000 1.000000
0.788710 0.122878 -0.602360 5.449113 0.070387 0.955328 0.287044 169.114487 0.610722 -0.268792 0.744828 201.306320 0.000000 0.000000 0.000000 1.000000
0.820684 0.072725 -0.566735 5.269111 0.141179 0.935304 0.324462 177.035919 0.553666 -0.346292 0.757322 204.453842 0.000000 0.000000 0.000000 1.000000
0.856880 0.034078 -0.514388 5.047920 0.195379 0.901906 0.385217 184.409821 0.477058 -0.430585 0.766167 206.901154 0.000000 0.000000 0.000000 1.000000
0.892447 0.006862 -0.451099 4.777117 0.213945 0.873868 0.436558 191.627426 0.397197 -0.486115 0.778413 208.879135 0.000000 0.000000 0.000000 1.000000
0.921977 -0.015378 -0.386938 4.491320 0.206061 0.865482 0.456596 198.333054 0.327866 -0.500704 0.801123 210.540421 0.000000 0.000000 0.000000 1.000000
0.939649 -0.052959 -0.338017 4.142196 0.210130 0.868995 0.447988 204.311768 0.270011 -0.491979 0.827678 212.178207 0.000000 0.000000 0.000000 1.000000
0.944364 -0.106958 -0.311024 3.717283 0.239420 0.871929 0.427105 209.643372 0.225508 -0.477808 0.849026 214.067444 0.000000 0.000000 0.000000 1.000000
0.944718 -0.147725 -0.292720 3.281714 0.261490 0.878051 0.400810 214.909210 0.197813 -0.455196 0.868140 216.481567 0.000000 0.000000 0.000000 1.000000
0.950210 -0.151342 -0.272391 2.980992 0.247025 0.898688 0.362405 221.105927 0.189947 -0.411649 0.891328 218.983170 0.000000 0.000000 0.000000 1.000000
0.959001 -0.123243 -0.255204 2.770578 0.200206 0.931961 0.302268 227.972092 0.200588 -0.340968 0.918425 221.121933 0.000000 0.000000 0.000000 1.000000
0.962850 -0.076987 -0.258830 2.547403 0.137237 0.964996 0.223493 233.691986 0.232564 -0.250712 0.939712 223.060242 0.000000 0.000000 0.000000 1.000000
0.958032 -0.031520 -0.284922 2.376977 0.072153 0.988451 0.133262 237.318863 0.277431 -0.148227 0.949242 225.120392 0.000000 0.000000 0.000000 1.000000
0.947169 0.001785 -0.320730 2.307083 0.011172 0.999194 0.038554 239.425003 0.320541 -0.040101 0.946386 227.326462 0.000000 0.000000 0.000000 1.000000
0.934092 0.026292 -0.356064 2.346430 -0.050304 0.997028 -0.058345 241.231873 0.353472 0.072411 0.932638 229.603775 0.000000 0.000000 0.000000 1.000000
0.921701 0.048050 -0.384915 2.501476 -0.116008 0.981028 -0.155325 242.770935 0.370149 0.187817 0.909788 232.051773 0.000000 0.000000 0.000000 1.000000
0.912073 0.067597 -0.404417 2.839391 -0.179558 0.952561 -0.245738 242.193680 0.368620 0.296747 0.880943 234.829697 0.000000 0.000000 0.000000 1.000000
0.915837 0.057316 -0.397438 2.899889 -0.202116 0.921039 -0.332920 239.302399 0.346975 0.385229 0.855107 238.139221 0.000000 0.000000 0.000000 1.000000
0.930456 0.024133 -0.365608 3.000492 -0.183171 0.894830 -0.407096 235.226486 0.317332 0.445754 0.837021 241.177841 0.000000 0.000000 0.000000 1.000000
0.949174 -0.016664 -0.314309 3.278640 -0.134671 0.881074 -0.453402 230.443939 0.284485 0.472686 0.834048 243.484589 0.000000 0.000000 0.000000 1.000000
0.963779 -0.049477 -0.262073 3.710888 -0.083008 0.878188 -0.471057 225.463211 0.253456 0.475749 0.842272 245.087936 0.000000 0.000000 0.000000 1.000000
0.970510 -0.067258 -0.231488 4.190893 -0.052217 0.878834 -0.474262 220.728943 0.235337 0.472364 0.849405 246.300888 0.000000 0.000000 0.000000 1.000000
0.970725 -0.074134 -0.228468 4.614891 -0.044847 0.878513 -0.475609 216.622910 0.235970 0.471932 0.849469 247.328308 0.000000 0.000000 0.000000 1.000000
0.968528 -0.077550 -0.236517 4.855680 -0.045795 0.878484 -0.475571 213.240631 0.244657 0.471435 0.847285 248.187027 0.000000 0.000000 0.000000 1.000000
0.968664 -0.080210 -0.235068 4.798505 -0.040728 0.882316 -0.468892 210.607666 0.245014 0.463772 0.851401 248.878830 0.000000 0.000000 0.000000 1.000000
0.972752 -0.081196 -0.217165 4.424292 -0.027030 0.890566 -0.454049 208.850861 0.230266 0.447547 0.864106 249.391693 0.000000 0.000000 0.000000 1.000000
0.978604 -0.080088 -0.189527 3.867610 -0.010887 0.899691 -0.436391 208.023270 0.205466 0.429117 0.879569 249.641464 0.000000 0.000000 0.000000 1.000000
0.984013 -0.078050 -0.160085 3.284000 0.003151 0.906345 -0.422526 208.094986 0.178071 0.415266 0.892101 249.562119 0.000000 0.000000 0.000000 1.000000
0.988449 -0.076234 -0.130986 2.772395 0.015591 0.910843 -0.412459 208.695923 0.150751 0.405652 0.901510 249.228409 0.000000 0.000000 0.000000 1.000000
0.991958 -0.075149 -0.101845 2.310004 0.027838 0.914494 -0.403642 209.405563 0.123470 0.397560 0.909231 248.821899 0.000000 0.000000 0.000000 1.000000
0.994392 -0.074926 -0.074640 1.822478 0.039350 0.917204 -0.396470 210.126160 0.098166 0.391310 0.915008 248.519394 0.000000 0.000000 0.000000 1.000000
0.995817 -0.075001 -0.052185 1.349719 0.048783 0.919348 -0.390409 210.744385 0.077258 0.386230 0.919161 248.416855 0.000000 0.000000 0.000000 1.000000
0.996599 -0.074537 -0.035138 0.957734 0.055430 0.921895 -0.383454 211.160889 0.060975 0.380202 0.922891 248.556900 0.000000 0.000000 0.000000 1.000000
0.997042 -0.073553 -0.022295 0.652946 0.059863 0.925115 -0.374938 211.352737 0.048203 0.372495 0.926782 248.857315 0.000000 0.000000 0.000000 1.000000
0.997273 -0.072738 -0.012476 0.405585 0.063108 0.928149 -0.366819 211.375977 0.038261 0.365032 0.930208 249.154968 0.000000 0.000000 0.000000 1.000000
0.997345 -0.072645 -0.005148 0.194794 0.065874 0.930003 -0.361600 211.294891 0.031057 0.360301 0.932319 249.374817 0.000000 0.000000 0.000000 1.000000
0.997326 -0.073076 -0.000534 0.021708 0.067986 0.930489 -0.359956 211.157974 0.026802 0.358957 0.932969 249.534927 0.000000 0.000000 0.000000 1.000000
0.997287 -0.073606 0.001344 -0.116262 0.069149 0.930320 -0.360171 210.992767 0.025260 0.359286 0.932886 249.670685 0.000000 0.000000 0.000000 1.000000
0.997266 -0.073885 0.001123 -0.225967 0.069327 0.930263 -0.360285 210.819946 0.025575 0.359378 0.932842 249.784912 0.000000 0.000000 0.000000 1.000000
0.997268 -0.073862 0.000008 -0.308012 0.068910 0.930365 -0.360101 210.659439 0.026591 0.359118 0.932913 249.873520 0.000000 0.000000 0.000000 1.000000
0.997277 -0.073735 -0.000937 -0.364024 0.068447 0.930334 -0.360270 210.534164 0.027436 0.359225 0.932848 249.946625 0.000000 0.000000 0.000000 1.000000
0.997283 -0.073646 -0.001394 -0.399647 0.068175 0.930032 -0.361100 210.458725 0.027890 0.360024 0.932526 250.010849 0.000000 0.000000 0.000000 1.000000
0.997271 -0.073814 -0.001683 -0.416584 0.068179 0.929418 -0.362677 210.423294 0.028335 0.361572 0.931914 250.059433 0.000000 0.000000 0.000000 1.000000
0.997236 -0.074264 -0.002161 -0.405896 0.068362 0.928605 -0.364718 210.404053 0.029092 0.363562 0.931115 250.088150 0.000000 0.000000 0.000000 1.000000
0.997198 -0.074748 -0.002832 -0.355351 0.068509 0.927854 -0.366597 210.384567 0.030030 0.365376 0.930375 250.105545 0.000000 0.000000 0.000000 1.000000
0.997176 -0.075008 -0.003586 -0.259177 0.068428 0.927297 -0.368020 210.359024 0.030930 0.366735 0.929811 250.125595 0.000000 0.000000 0.000000 1.000000</float_array><technique_common><accessor source="#Hips-Matrix-animation-output-transform-array" count="64" stride="16"><param type="float4x4"/></accessor></technique_common></source><source id="Hips-Interpolations"><Name_array id="Hips-Interpolations-array" count="64">
 LINEAR LINEAR LINEAR LINEAR LINEAR LINEAR LINEAR LINEAR LINEAR LINEAR LINEAR
LINEAR LINEAR LINEAR LINEAR LINEAR LINEAR LINEAR LINEAR LINEAR LINEAR LINEAR LINEAR
LINEAR LINEAR LINEAR LINEAR LINEAR LINEAR LINEAR LINEAR LINEAR LINEAR LINEAR LINEAR
LINEAR LINEAR LINEAR LINEAR LINEAR LINEAR LINEAR LINEAR LINEAR LINEAR LINEAR LINEAR
LINEAR LINEAR LINEAR LINEAR LINEAR LINEAR LINEAR LINEAR LINEAR LINEAR LINEAR LINEAR
LINEAR LINEAR LINEAR LINEAR LINEAR</Name_array><technique_common><accessor source="#Hips-Interpolations-array" count="64"><param type="name"/></accessor></technique_common></source><sampler id="Hips-Matrix-animation-transform"><input semantic="INPUT" source="#Hips-Matrix-animation-input"/><input semantic="OUTPUT" source="#Hips-Matrix-animation-output-transform"/><input semantic="INTERPOLATION" source="#Hips-Interpolations"/></sampler><channel source="#Hips-Matrix-animation-transform" target="Hips/matrix"/></animation>
    <animation id="Spine-anim" name="Spine"><source id="Spine-Matrix-animation-input"><float_array id="Spine-Matrix-animation-input-array" count="64">

0.000000 0.033333 0.066667 0.100000 0.133333 0.166667 0.200000 0.233333 0.266667 0.300000 0.333333 0.366667 0.400000 0.433333 0.466667 0.500000
0.533333 0.566667 0.600000 0.633333 0.666667 0.700000 0.733333 0.766667 0.800000 0.833333 0.866667 0.900000 0.933333 0.966667 1.000000 1.033333
1.066667 1.100000 1.133333 1.166667 1.200000 1.233333 1.266667 1.300000 1.333333 1.366667 1.400000 1.433333 1.466667 1.500000 1.533333 1.566667
1.600000 1.633333 1.666667 1.700000 1.733333 1.766667 1.800000 1.833333 1.866667 1.900000 1.933333 1.966667 2.000000 2.033333 2.066667 2.100000</float_array><technique_common><accessor source="#Spine-Matrix-animation-input-array" count="64"><param name="TIME" type="float"/></accessor></technique_common></source><source id="Spine-Matrix-animation-output-transform"><float_array id="Spine-Matrix-animation-output-transform-array" count="1024">

0.993286 0.057322 -0.100482 0.009000 -0.062702 0.996716 -0.051234 7.062600 0.097215 0.057190 0.993619 -0.984700 0.000000 0.000000 0.000000 1.000000
0.989991 -0.046952 -0.133088 0.009000 0.039843 0.997658 -0.055590 7.062600 0.135386 0.049731 0.989544 -0.984700 0.000000 0.000000 0.000000 1.000000
0.988613 -0.083976 -0.124869 0.009000 0.080799 0.996270 -0.030308 7.062600 0.126949 0.019874 0.991710 -0.984700 0.000000 0.000000 0.000000 1.000000
0.988333 -0.071452 -0.134511 0.009000 0.071938 0.997408 -0.001247 7.062600 0.134252 -0.008444 0.990911 -0.984700 0.000000 0.000000 0.000000 1.000000
0.986690 -0.059518 -0.151332 0.009000 0.060867 0.998137 0.004293 7.062600 0.150794 -0.013447 0.988474 -0.984700 0.000000 0.000000 0.000000 1.000000
0.986724 -0.088996 -0.135848 0.009000 0.088167 0.996032 -0.012122 7.062600 0.136387 -0.000017 0.990656 -0.984700 0.000000 0.000000 0.000000 1.000000
0.990092 -0.123786 -0.066297 0.009000 0.122427 0.992182 -0.024199 7.062600 0.068775 0.015843 0.997506 -0.984700 0.000000 0.000000 0.000000 1.000000
0.990534 -0.136548 0.014054 0.009000 0.136809 0.990401 -0.019743 7.062600 -0.011223 0.021479 0.999706 -0.984700 0.000000 0.000000 0.000000 1.000000
0.991912 -0.101953 0.075601 0.009000 0.102473 0.994731 -0.003020 7.062600 -0.074895 0.010743 0.997134 -0.984700 0.000000 0.000000 0.000000 1.000000
0.993870 -0.023111 0.108111 0.009000 0.021395 0.999626 0.017005 7.062600 -0.108463 -0.014587 0.993993 -0.984700 0.000000 0.000000 0.000000 1.000000
0.990871 0.051368 0.124641 0.009000 -0.055399 0.998040 0.029090 7.062600 -0.122902 -0.035730 0.991775 -0.984700 0.000000 0.000000 0.000000 1.000000
0.988505 0.077208 0.129991 0.009000 -0.080875 0.996455 0.023161 7.062600 -0.127742 -0.033407 0.991245 -0.984700 0.000000 0.000000 0.000000 1.000000
0.990920 0.065991 0.117142 0.009000 -0.066746 0.997767 0.002534 7.062600 -0.116713 -0.010330 0.993112 -0.984700 0.000000 0.000000 0.000000 1.000000
0.995048 0.041725 0.090210 0.009000 -0.040365 0.999043 -0.016848 7.062600 -0.090827 0.013123 0.995780 -0.984700 0.000000 0.000000 0.000000 1.000000
0.998578 0.021957 0.048573 0.009000 -0.020500 0.999331 -0.030294 7.062600 -0.049206 0.029255 0.998360 -0.984700 0.000000 0.000000 0.000000 1.000000
0.999980 0.002381 0.005882 0.009000 -0.002123 0.999052 -0.043472 7.062600 -0.005980 0.043459 0.999037 -0.984700 0.000000 0.000000 0.000000 1.000000
0.999327 -0.026967 -0.024846 0.009000 0.025588 0.998200 -0.054237 7.062600 0.026264 0.053565 0.998219 -0.984700 0.000000 0.000000 0.000000 1.000000
0.997823 -0.057204 -0.032806 0.009000 0.055295 0.996876 -0.056398 7.062600 0.035929 0.054461 0.997869 -0.984700 0.000000 0.000000 0.000000 1.000000
0.996598 -0.079401 -0.022097 0.009000 0.078112 0.995475 -0.054112 7.062600 0.026293 0.052202 0.998290 -0.984700 0.000000 0.000000 0.000000 1.000000
0.995277 -0.096997 -0.003986 0.009000 0.096625 0.993755 -0.055812 7.062600 0.009375 0.055163 0.998433 -0.984700 0.000000 0.000000 0.000000 1.000000
0.994048 -0.108217 0.012554 0.009000 0.108785 0.992191 -0.061008 7.062600 -0.005854 0.062010 0.998058 -0.984700 0.000000 0.000000 0.000000 1.000000
0.992832 -0.116381 0.027194 0.009000 0.117992 0.990682 -0.068016 7.062600 -0.019025 0.070737 0.997314 -0.984700 0.000000 0.000000 0.000000 1.000000
0.993421 -0.108218 0.037460 0.009000 0.110812 0.990933 -0.075974 7.062600 -0.028899 0.079625 0.996406 -0.984700 0.000000 0.000000 0.000000 1.000000
0.995602 -0.084070 0.041328 0.009000 0.087369 0.992470 -0.085846 7.062600 -0.033800 0.089079 0.995451 -0.984700 0.000000 0.000000 0.000000 1.000000
0.998325 -0.044573 0.036895 0.009000 0.048238 0.993274 -0.105257 7.062600 -0.031955 0.106861 0.993760 -0.984700 0.000000 0.000000 0.000000 1.000000
0.999637 -0.001342 0.026911 0.009000 0.005029 0.990500 -0.137420 7.062600 -0.026471 0.137505 0.990147 -0.984700 0.000000 0.000000 0.000000 1.000000
0.999460 0.025806 0.020358 0.009000 -0.021877 0.984510 -0.173960 7.062600 -0.024532 0.173421 0.984542 -0.984700 0.000000 0.000000 0.000000 1.000000
0.999265 0.029359 0.024653 0.009000 -0.023774 0.979034 -0.202306 7.062600 -0.030075 0.201571 0.979012 -0.984700 0.000000 0.000000 0.000000 1.000000
0.999127 0.021089 0.036059 0.009000 -0.012848 0.976509 -0.215095 7.062600 -0.039748 0.214444 0.975927 -0.984700 0.000000 0.000000 0.000000 1.000000
0.998671 0.005781 0.051206 0.009000 0.005131 0.977593 -0.210443 7.062600 -0.051275 0.210426 0.976264 -0.984700 0.000000 0.000000 0.000000 1.000000
0.997665 -0.012100 0.067224 0.009000 0.024791 0.981218 -0.191301 7.062600 -0.063647 0.192521 0.979227 -0.984700 0.000000 0.000000 0.000000 1.000000
0.996197 -0.029241 0.082071 0.009000 0.042383 0.985670 -0.163271 7.062600 -0.076121 0.166129 0.983162 -0.984700 0.000000 0.000000 0.000000 1.000000
0.994473 -0.043848 0.095400 0.009000 0.056400 0.989491 -0.133140 7.062600 -0.088560 0.137784 0.986495 -0.984700 0.000000 0.000000 0.000000 1.000000
0.993188 -0.053287 0.103629 0.009000 0.064574 0.991963 -0.108807 7.062600 -0.096999 0.114757 0.988647 -0.984700 0.000000 0.000000 0.000000 1.000000
0.992641 -0.059489 0.105475 0.009000 0.069353 0.993298 -0.092461 7.062600 -0.099268 0.099096 0.990114 -0.984700 0.000000 0.000000 0.000000 1.000000
0.995174 -0.047718 0.085740 0.009000 0.055134 0.994741 -0.086316 7.062600 -0.081170 0.090627 0.992572 -0.984700 0.000000 0.000000 0.000000 1.000000
0.997426 -0.030577 0.064863 0.009000 0.036292 0.995384 -0.088845 7.062600 -0.061847 0.090970 0.993931 -0.984700 0.000000 0.000000 0.000000 1.000000
0.998208 -0.016671 0.057464 0.009000 0.022270 0.994916 -0.098215 7.062600 -0.055535 0.099319 0.993505 -0.984700 0.000000 0.000000 0.000000 1.000000
0.998078 -0.008288 0.061409 0.009000 0.014991 0.993874 -0.109501 7.062600 -0.060126 0.110211 0.992088 -0.984700 0.000000 0.000000 0.000000 1.000000
0.997729 -0.005036 0.067169 0.009000 0.012933 0.992970 -0.117656 7.062600 -0.066105 0.118258 0.990780 -0.984700 0.000000 0.000000 0.000000 1.000000
0.997581 -0.004723 0.069348 0.009000 0.013057 0.992661 -0.120220 7.062600 -0.068271 0.120834 0.990322 -0.984700 0.000000 0.000000 0.000000 1.000000
0.997653 -0.005647 0.068239 0.009000 0.013580 0.993115 -0.116358 7.062600 -0.067112 0.117011 0.990860 -0.984700 0.000000 0.000000 0.000000 1.000000
0.997801 -0.008854 0.065680 0.009000 0.015865 0.994132 -0.107000 7.062600 -0.064347 0.107807 0.992087 -0.984700 0.000000 0.000000 0.000000 1.000000
0.997937 -0.014777 0.062484 0.009000 0.020712 0.995219 -0.095444 7.062600 -0.060775 0.096541 0.993472 -0.984700 0.000000 0.000000 0.000000 1.000000
0.997999 -0.020988 0.059645 0.009000 0.026060 0.995992 -0.085567 7.062600 -0.057610 0.086950 0.994546 -0.984700 0.000000 0.000000 0.000000 1.000000
0.998082 -0.024826 0.056710 0.009000 0.029319 0.996378 -0.079817 7.062600 -0.054523 0.081327 0.995195 -0.984700 0.000000 0.000000 0.000000 1.000000
0.998259 -0.026745 0.052574 0.009000 0.030739 0.996580 -0.076701 7.062600 -0.050343 0.078184 0.995667 -0.984700 0.000000 0.000000 0.000000 1.000000
0.998470 -0.028565 0.047354 0.009000 0.032021 0.996751 -0.073911 7.062600 -0.045089 0.075314 0.996140 -0.984700 0.000000 0.000000 0.000000 1.000000
0.998646 -0.030450 0.042183 0.009000 0.033428 0.996860 -0.071780 7.062600 -0.039864 0.073093 0.996528 -0.984700 0.000000 0.000000 0.000000 1.000000
0.998772 -0.032066 0.037766 0.009000 0.034676 0.996901 -0.070616 7.062600 -0.035384 0.071838 0.996788 -0.984700 0.000000 0.000000 0.000000 1.000000
0.998875 -0.033219 0.033853 0.009000 0.035536 0.996892 -0.070317 7.062600 -0.031412 0.071441 0.996950 -0.984700 0.000000 0.000000 0.000000 1.000000
0.998975 -0.033908 0.029978 0.009000 0.035959 0.996847 -0.070730 7.062600 -0.027485 0.071735 0.997045 -0.984700 0.000000 0.000000 0.000000 1.000000
0.999068 -0.034217 0.026313 0.009000 0.036027 0.996775 -0.071701 7.062600 -0.023775 0.072582 0.997079 -0.984700 0.000000 0.000000 0.000000 1.000000
0.999146 -0.034065 0.023368 0.009000 0.035687 0.996699 -0.072919 7.062600 -0.020807 0.073691 0.997064 -0.984700 0.000000 0.000000 0.000000 1.000000
0.999208 -0.033407 0.021601 0.009000 0.034928 0.996618 -0.074382 7.062600 -0.019043 0.075078 0.996996 -0.984700 0.000000 0.000000 0.000000 1.000000
0.999269 -0.032161 0.020672 0.009000 0.033658 0.996487 -0.076683 7.062600 -0.018133 0.077322 0.996841 -0.984700 0.000000 0.000000 0.000000 1.000000
0.999330 -0.030579 0.020102 0.009000 0.032097 0.996270 -0.080103 7.062600 -0.017578 0.080695 0.996584 -0.984700 0.000000 0.000000 0.000000 1.000000
0.999382 -0.029111 0.019683 0.009000 0.030668 0.995988 -0.084063 7.062600 -0.017156 0.084615 0.996266 -0.984700 0.000000 0.000000 0.000000 1.000000
0.999424 -0.027898 0.019313 0.009000 0.029494 0.995682 -0.088022 7.062600 -0.016774 0.088541 0.995931 -0.984700 0.000000 0.000000 0.000000 1.000000
0.999472 -0.026488 0.018813 0.009000 0.028111 0.995362 -0.092006 7.062600 -0.016289 0.092486 0.995581 -0.984700 0.000000 0.000000 0.000000 1.000000
0.999545 -0.024282 0.017903 0.009000 0.025892 0.995043 -0.096016 7.062600 -0.015483 0.096436 0.995219 -0.984700 0.000000 0.000000 0.000000 1.000000
0.999627 -0.021429 0.016923 0.009000 0.023012 0.994751 -0.099704 7.062600 -0.014698 0.100056 0.994873 -0.984700 0.000000 0.000000 0.000000 1.000000
0.999689 -0.018857 0.016350 0.009000 0.020440 0.994494 -0.102777 7.062600 -0.014321 0.103080 0.994570 -0.984700 0.000000 0.000000 0.000000 1.000000
0.999719 -0.017279 0.016246 0.009000 0.018895 0.994271 -0.105209 7.062600 -0.014335 0.105487 0.994317 -0.984700 0.000000 0.000000 0.000000 1.000000</float_array><technique_common><accessor source="#Spine-Matrix-animation-output-transform-array" count="64" stride="16"><param type="float4x4"/></accessor></technique_common></source><source id="Spine-Interpolations"><Name_array id="Spine-Interpolations-array" count="64">
 LINEAR LINEAR LINEAR LINEAR LINEAR LINEAR LINEAR LINEAR LINEAR LINEAR LINEAR
LINEAR LINEAR LINEAR LINEAR LINEAR LINEAR LINEAR LINEAR LINEAR LINEAR LINEAR LINEAR
LINEAR LINEAR LINEAR LINEAR LINEAR LINEAR LINEAR LINEAR LINEAR LINEAR LINEAR LINEAR
LINEAR LINEAR LINEAR LINEAR LINEAR LINEAR LINEAR LINEAR LINEAR LINEAR LINEAR LINEAR
LINEAR LINEAR LINEAR LINEAR LINEAR LINEAR LINEAR LINEAR LINEAR LINEAR LINEAR LINEAR
LINEAR LINEAR LINEAR LINEAR LINEAR</Name_array><technique_common><accessor source="#Spine-Interpolations-array" count="64"><param type="name"/></accessor></technique_common></source><sampler id="Spine-Matrix-animation-transform"><input semantic="INPUT" source="#Spine-Matrix-animation-input"/><input semantic="OUTPUT" source="#Spine-Matrix-animation-output-transform"/><input semantic="INTERPOLATION" source="#Spine-Interpolations"/></sampler><channel source="#Spine-Matrix-animation-transform" target="Spine/matrix"/></animation>
    <animation id="Spine1-anim" name="Spine1"><source id="Spine1-Matrix-animation-input"><float_array id="Spine1-Matrix-animation-input-array" count="64">

0.000000 0.033333 0.066667 0.100000 0.133333 0.166667 0.200000 0.233333 0.266667 0.300000 0.333333 0.366667 0.400000 0.433333 0.466667 0.500000
0.533333 0.566667 0.600000 0.633333 0.666667 0.700000 0.733333 0.766667 0.800000 0.833333 0.866667 0.900000 0.933333 0.966667 1.000000 1.033333
1.066667 1.100000 1.133333 1.166667 1.200000 1.233333 1.266667 1.300000 1.333333 1.366667 1.400000 1.433333 1.466667 1.500000 1.533333 1.566667
1.600000 1.633333 1.666667 1.700000 1.733333 1.766667 1.800000 1.833333 1.866667 1.900000 1.933333 1.966667 2.000000 2.033333 2.066667 2.100000</float_array><technique_common><accessor source="#Spine1-Matrix-animation-input-array" count="64"><param name="TIME" type="float"/></accessor></technique_common></source><source id="Spine1-Matrix-animation-output-transform"><float_array id="Spine1-Matrix-animation-output-transform-array" count="1024">

0.989638 -0.025349 -0.141332 0.012400 0.006107 0.990833 -0.134952 8.239700 0.143457 0.132691 0.980721 -1.148800 0.000000 0.000000 0.000000 1.000000
0.985829 -0.026720 -0.165614 0.012400 0.008868 0.994154 -0.107611 8.239700 0.167522 0.104617 0.980302 -1.148800 0.000000 0.000000 0.000000 1.000000
0.979676 -0.072951 -0.186852 0.012400 0.064332 0.996584 -0.051792 8.239700 0.189992 0.038719 0.981022 -1.148800 0.000000 0.000000 0.000000 1.000000
0.972086 -0.117345 -0.203172 0.012400 0.119472 0.992836 -0.001806 8.239700 0.201929 -0.022518 0.979141 -1.148800 0.000000 0.000000 0.000000 1.000000
0.971082 -0.113915 -0.209818 0.012400 0.119613 0.992713 0.014626 8.239700 0.206623 -0.039300 0.977631 -1.148800 0.000000 0.000000 0.000000 1.000000
0.980007 -0.078119 -0.182983 0.012400 0.079635 0.996824 0.000940 8.239700 0.182329 -0.015493 0.983116 -1.148800 0.000000 0.000000 0.000000 1.000000
0.993537 -0.051458 -0.101171 0.012400 0.049130 0.998470 -0.025372 8.239700 0.102322 0.020237 0.994545 -1.148800 0.000000 0.000000 0.000000 1.000000
0.999411 -0.033672 0.006621 0.012400 0.033911 0.998621 -0.040086 8.239700 -0.005263 0.040287 0.999174 -1.148800 0.000000 0.000000 0.000000 1.000000
0.996413 0.000207 0.084622 0.012400 0.002037 0.999648 -0.026434 8.239700 -0.084598 0.026511 0.996062 -1.148800 0.000000 0.000000 0.000000 1.000000
0.992267 0.047596 0.114632 0.012400 -0.049237 0.998721 0.011528 8.239700 -0.113936 -0.017083 0.993341 -1.148800 0.000000 0.000000 0.000000 1.000000
0.989920 0.081068 0.116135 0.012400 -0.086949 0.995127 0.046497 8.239700 -0.111800 -0.056126 0.992144 -1.148800 0.000000 0.000000 0.000000 1.000000
0.990244 0.089967 0.106408 0.012400 -0.095008 0.994535 0.043278 8.239700 -0.101933 -0.052965 0.993380 -1.148800 0.000000 0.000000 0.000000 1.000000
0.991608 0.091148 0.091678 0.012400 -0.091666 0.995789 0.001442 8.239700 -0.091160 -0.009834 0.995788 -1.148800 0.000000 0.000000 0.000000 1.000000
0.992465 0.096884 0.075011 0.012400 -0.093876 0.994670 -0.042641 8.239700 -0.078743 0.035278 0.996271 -1.148800 0.000000 0.000000 0.000000 1.000000
0.994170 0.097705 0.045597 0.012400 -0.094359 0.993037 -0.070531 8.239700 -0.052171 0.065817 0.996467 -1.148800 0.000000 0.000000 0.000000 1.000000
0.996725 0.079918 -0.012307 0.012400 -0.080706 0.992619 -0.090526 8.239700 0.004982 0.091223 0.995818 -1.148800 0.000000 0.000000 0.000000 1.000000
0.996093 0.040937 -0.078255 0.012400 -0.048880 0.993537 -0.102444 8.239700 0.073556 0.105869 0.991656 -1.148800 0.000000 0.000000 0.000000 1.000000
0.994145 -0.004253 -0.107970 0.012400 -0.006673 0.994901 -0.100632 8.239700 0.107847 0.100763 0.989048 -1.148800 0.000000 0.000000 0.000000 1.000000
0.995260 -0.032780 -0.091561 0.012400 0.024209 0.995353 -0.093206 8.239700 0.094191 0.090547 0.991428 -1.148800 0.000000 0.000000 0.000000 1.000000
0.998057 -0.033319 -0.052653 0.012400 0.028241 0.995132 -0.094420 8.239700 0.055543 0.092750 0.994139 -1.148800 0.000000 0.000000 0.000000 1.000000
0.999867 -0.012775 -0.010110 0.012400 0.011645 0.994414 -0.104909 8.239700 0.011394 0.104777 0.994430 -1.148800 0.000000 0.000000 0.000000 1.000000
0.999545 0.010686 0.028200 0.012400 -0.007233 0.992766 -0.119849 8.239700 -0.029277 0.119591 0.992392 -1.148800 0.000000 0.000000 0.000000 1.000000
0.998281 0.022528 0.054111 0.012400 -0.015141 0.990968 -0.133243 8.239700 -0.056624 0.132195 0.989605 -1.148800 0.000000 0.000000 0.000000 1.000000
0.997692 0.026701 0.062433 0.012400 -0.017403 0.989282 -0.144975 8.239700 -0.065635 0.143554 0.987464 -1.148800 0.000000 0.000000 0.000000 1.000000
0.997585 0.042104 0.055232 0.012400 -0.032187 0.985000 -0.169525 8.239700 -0.061541 0.167338 0.983977 -1.148800 0.000000 0.000000 0.000000 1.000000
0.996421 0.075549 0.037905 0.012400 -0.065673 0.974293 -0.215500 8.239700 -0.053212 0.212240 0.975768 -1.148800 0.000000 0.000000 0.000000 1.000000
0.993908 0.108983 0.016418 0.012400 -0.100549 0.957641 -0.269841 8.239700 -0.045130 0.266546 0.962765 -1.148800 0.000000 0.000000 0.000000 1.000000
0.992537 0.121927 -0.002182 0.012400 -0.116488 0.942669 -0.312738 8.239700 -0.036074 0.310658 0.949837 -1.148800 0.000000 0.000000 0.000000 1.000000
0.993272 0.115007 -0.013592 0.012400 -0.112842 0.934750 -0.336910 8.239700 -0.026042 0.336177 0.941439 -1.148800 0.000000 0.000000 0.000000 1.000000
0.994579 0.102170 -0.019347 0.012400 -0.102585 0.933613 -0.343282 8.239700 -0.017010 0.343406 0.939033 -1.148800 0.000000 0.000000 0.000000 1.000000
0.995376 0.093138 -0.023497 0.012400 -0.095621 0.937523 -0.334525 8.239700 -0.009128 0.335225 0.942094 -1.148800 0.000000 0.000000 0.000000 1.000000
0.995761 0.087836 -0.027283 0.012400 -0.091958 0.944872 -0.314262 8.239700 -0.001824 0.315439 0.948944 -1.148800 0.000000 0.000000 0.000000 1.000000
0.996026 0.084061 -0.029422 0.012400 -0.088982 0.953224 -0.288872 8.239700 0.003763 0.290342 0.956916 -1.148800 0.000000 0.000000 0.000000 1.000000
0.996319 0.080450 -0.029615 0.012400 -0.085445 0.959941 -0.266858 8.239700 0.006959 0.268406 0.963281 -1.148800 0.000000 0.000000 0.000000 1.000000
0.996617 0.076428 -0.030208 0.012400 -0.081559 0.964991 -0.249282 8.239700 0.010099 0.250902 0.967960 -1.148800 0.000000 0.000000 0.000000 1.000000
0.996654 0.073934 -0.034856 0.012400 -0.080101 0.968361 -0.236348 8.239700 0.016279 0.238349 0.971043 -1.148800 0.000000 0.000000 0.000000 1.000000
0.996011 0.077682 -0.043909 0.012400 -0.085764 0.969236 -0.230709 8.239700 0.024636 0.233554 0.972032 -1.148800 0.000000 0.000000 0.000000 1.000000
0.995185 0.085037 -0.048737 0.012400 -0.094118 0.967909 -0.233009 8.239700 0.027358 0.236474 0.971253 -1.148800 0.000000 0.000000 0.000000 1.000000
0.995339 0.087970 -0.039526 0.012400 -0.094879 0.966664 -0.237821 8.239700 0.017288 0.240462 0.970504 -1.148800 0.000000 0.000000 0.000000 1.000000
0.996530 0.081508 -0.016883 0.012400 -0.083180 0.967566 -0.238533 8.239700 -0.003107 0.239109 0.970988 -1.148800 0.000000 0.000000 0.000000 1.000000
0.997509 0.069911 0.009369 0.012400 -0.065847 0.970564 -0.231666 8.239700 -0.025289 0.230472 0.972750 -1.148800 0.000000 0.000000 0.000000 1.000000
0.997747 0.059911 0.030204 0.012400 -0.051923 0.974582 -0.217933 8.239700 -0.042493 0.215874 0.975496 -1.148800 0.000000 0.000000 0.000000 1.000000
0.997765 0.052134 0.041793 0.012400 -0.042742 0.978759 -0.200511 8.239700 -0.051359 0.198276 0.978800 -1.148800 0.000000 0.000000 0.000000 1.000000
0.997985 0.044709 0.045015 0.012400 -0.035762 0.982474 -0.182939 8.239700 -0.052405 0.180961 0.982093 -1.148800 0.000000 0.000000 0.000000 1.000000
0.998298 0.038672 0.043648 0.012400 -0.030801 0.985232 -0.168431 8.239700 -0.049517 0.166800 0.984747 -1.148800 0.000000 0.000000 0.000000 1.000000
0.998581 0.035867 0.039356 0.012400 -0.029159 0.986775 -0.159452 8.239700 -0.044555 0.158078 0.986421 -1.148800 0.000000 0.000000 0.000000 1.000000
0.998893 0.035017 0.031416 0.012400 -0.029779 0.987626 -0.153976 8.239700 -0.036419 0.152870 0.987575 -1.148800 0.000000 0.000000 0.000000 1.000000
0.999209 0.033817 0.020935 0.012400 -0.030332 0.988396 -0.148839 8.239700 -0.025725 0.148086 0.988640 -1.148800 0.000000 0.000000 0.000000 1.000000
0.999422 0.032196 0.010913 0.012400 -0.030282 0.989021 -0.144639 8.239700 -0.015450 0.144225 0.989424 -1.148800 0.000000 0.000000 0.000000 1.000000
0.999514 0.031017 0.003253 0.012400 -0.030240 0.989379 -0.142182 8.239700 -0.007628 0.142014 0.989835 -1.148800 0.000000 0.000000 0.000000 1.000000
0.999531 0.030544 -0.002271 0.012400 -0.030558 0.989472 -0.141465 8.239700 -0.002074 0.141468 0.989941 -1.148800 0.000000 0.000000 0.000000 1.000000
0.999522 0.030204 -0.006582 0.012400 -0.030834 0.989359 -0.142193 8.239700 0.002218 0.142328 0.989817 -1.148800 0.000000 0.000000 0.000000 1.000000
0.999512 0.029571 -0.010103 0.012400 -0.030719 0.989102 -0.143989 8.239700 0.005735 0.144229 0.989528 -1.148800 0.000000 0.000000 0.000000 1.000000
0.999497 0.029111 -0.012570 0.012400 -0.030638 0.988775 -0.146236 8.239700 0.008172 0.146547 0.989170 -1.148800 0.000000 0.000000 0.000000 1.000000
0.999472 0.029506 -0.013603 0.012400 -0.031205 0.988350 -0.148962 8.239700 0.009050 0.149308 0.988749 -1.148800 0.000000 0.000000 0.000000 1.000000
0.999433 0.030907 -0.013378 0.012400 -0.032595 0.987638 -0.153328 8.239700 0.008474 0.153677 0.988085 -1.148800 0.000000 0.000000 0.000000 1.000000
0.999383 0.032792 -0.012576 0.012400 -0.034382 0.986538 -0.159879 8.239700 0.007164 0.160213 0.987057 -1.148800 0.000000 0.000000 0.000000 1.000000
0.999338 0.034468 -0.011649 0.012400 -0.035933 0.985214 -0.167520 8.239700 0.005703 0.167828 0.985800 -1.148800 0.000000 0.000000 0.000000 1.000000
0.999303 0.035731 -0.010810 0.012400 -0.037073 0.983831 -0.175220 8.239700 0.004374 0.175499 0.984470 -1.148800 0.000000 0.000000 0.000000 1.000000
0.999247 0.037310 -0.010605 0.012400 -0.038622 0.982357 -0.182984 8.239700 0.003591 0.183256 0.983059 -1.148800 0.000000 0.000000 0.000000 1.000000
0.999127 0.040214 -0.011297 0.012400 -0.041631 0.980759 -0.190731 8.239700 0.003409 0.191035 0.981577 -1.148800 0.000000 0.000000 0.000000 1.000000
0.998945 0.044271 -0.012194 0.012400 -0.045809 0.979172 -0.197795 8.239700 0.003183 0.198145 0.980168 -1.148800 0.000000 0.000000 0.000000 1.000000
0.998764 0.048096 -0.012518 0.012400 -0.049639 0.977778 -0.203681 8.239700 0.002444 0.204051 0.978957 -1.148800 0.000000 0.000000 0.000000 1.000000
0.998640 0.050676 -0.012216 0.012400 -0.052110 0.976654 -0.208402 8.239700 0.001370 0.208755 0.977967 -1.148800 0.000000 0.000000 0.000000 1.000000</float_array><technique_common><accessor source="#Spine1-Matrix-animation-output-transform-array" count="64" stride="16"><param type="float4x4"/></accessor></technique_common></source><source id="Spine1-Interpolations"><Name_array id="Spine1-Interpolations-array" count="64">
 LINEAR LINEAR LINEAR LINEAR LINEAR LINEAR LINEAR LINEAR LINEAR LINEAR LINEAR
LINEAR LINEAR LINEAR LINEAR LINEAR LINEAR LINEAR LINEAR LINEAR LINEAR LINEAR LINEAR
LINEAR LINEAR LINEAR LINEAR LINEAR LINEAR LINEAR LINEAR LINEAR LINEAR LINEAR LINEAR
LINEAR LINEAR LINEAR LINEAR LINEAR LINEAR LINEAR LINEAR LINEAR LINEAR LINEAR LINEAR
LINEAR LINEAR LINEAR LINEAR LINEAR LINEAR LINEAR LINEAR LINEAR LINEAR LINEAR LINEAR
LINEAR LINEAR LINEAR LINEAR LINEAR</Name_array><technique_common><accessor source="#Spine1-Interpolations-array" count="64"><param type="name"/></accessor></technique_common></source><sampler id="Spine1-Matrix-animation-transform"><input semantic="INPUT" source="#Spine1-Matrix-animation-input"/><input semantic="OUTPUT" source="#Spine1-Matrix-animation-output-transform"/><input semantic="INTERPOLATION" source="#Spine1-Interpolations"/></sampler><channel source="#Spine1-Matrix-animation-transform" target="Spine1/matrix"/></animation>
    <animation id="Spine2-anim" name="Spine2"><source id="Spine2-Matrix-animation-input"><float_array id="Spine2-Matrix-animation-input-array" count="64">

0.000000 0.033333 0.066667 0.100000 0.133333 0.166667 0.200000 0.233333 0.266667 0.300000 0.333333 0.366667 0.400000 0.433333 0.466667 0.500000
0.533333 0.566667 0.600000 0.633333 0.666667 0.700000 0.733333 0.766667 0.800000 0.833333 0.866667 0.900000 0.933333 0.966667 1.000000 1.033333
1.066667 1.100000 1.133333 1.166667 1.200000 1.233333 1.266667 1.300000 1.333333 1.366667 1.400000 1.433333 1.466667 1.500000 1.533333 1.566667
1.600000 1.633333 1.666667 1.700000 1.733333 1.766667 1.800000 1.833333 1.866667 1.900000 1.933333 1.966667 2.000000 2.033333 2.066667 2.100000</float_array><technique_common><accessor source="#Spine2-Matrix-animation-input-array" count="64"><param name="TIME" type="float"/></accessor></technique_common></source><source id="Spine2-Matrix-animation-output-transform"><float_array id="Spine2-Matrix-animation-output-transform-array" count="1024">

0.991417 -0.023968 -0.128524 0.014200 0.004690 0.988940 -0.148245 9.416800 0.130656 0.146369 0.980564 -1.313000 0.000000 0.000000 0.000000 1.000000
0.987622 -0.023282 -0.155117 0.014200 0.004829 0.992967 -0.118292 9.416800 0.156780 0.116079 0.980788 -1.313000 0.000000 0.000000 0.000000 1.000000
0.981174 -0.069285 -0.180268 0.014200 0.059575 0.996494 -0.058738 9.416800 0.183706 0.046893 0.981862 -1.313000 0.000000 0.000000 0.000000 1.000000
0.972898 -0.114600 -0.200837 0.014200 0.115921 0.993245 -0.005214 9.416800 0.200078 -0.018208 0.979611 -1.313000 0.000000 0.000000 0.000000 1.000000
0.971243 -0.111842 -0.210185 0.014200 0.117403 0.992984 0.014127 9.416800 0.207131 -0.038397 0.977560 -1.313000 0.000000 0.000000 0.000000 1.000000
0.979966 -0.076325 -0.183958 0.014200 0.077912 0.996959 0.001401 9.416800 0.183292 -0.015705 0.982933 -1.313000 0.000000 0.000000 0.000000 1.000000
0.993552 -0.050290 -0.101613 0.014200 0.047908 0.998520 -0.025750 9.416800 0.102758 0.020716 0.994491 -1.313000 0.000000 0.000000 0.000000 1.000000
0.999429 -0.033112 0.006723 0.014200 0.033357 0.998627 -0.040387 9.416800 -0.005376 0.040588 0.999162 -1.313000 0.000000 0.000000 0.000000 1.000000
0.996408 0.000710 0.084674 0.014200 0.001482 0.999666 -0.025819 9.416800 -0.084664 0.025852 0.996074 -1.313000 0.000000 0.000000 0.000000 1.000000
0.992262 0.048342 0.114368 0.014200 -0.050041 0.998675 0.012034 9.416800 -0.113635 -0.017664 0.993366 -1.313000 0.000000 0.000000 0.000000 1.000000
0.989904 0.081836 0.115730 0.014200 -0.087663 0.995079 0.046184 9.416800 -0.111381 -0.055863 0.992206 -1.313000 0.000000 0.000000 0.000000 1.000000
0.990232 0.090519 0.106052 0.014200 -0.095491 0.994511 0.042771 9.416800 -0.101598 -0.052480 0.993440 -1.313000 0.000000 0.000000 0.000000 1.000000
0.991606 0.091545 0.091309 0.014200 -0.092070 0.995751 0.001544 9.416800 -0.090780 -0.009938 0.995821 -1.313000 0.000000 0.000000 0.000000 1.000000
0.992459 0.097257 0.074611 0.014200 -0.094326 0.994661 -0.041853 9.416800 -0.078283 0.034500 0.996334 -1.313000 0.000000 0.000000 0.000000 1.000000
0.994143 0.098032 0.045499 0.014200 -0.094724 0.993045 -0.069920 9.416800 -0.052037 0.065201 0.996514 -1.313000 0.000000 0.000000 0.000000 1.000000
0.996711 0.080190 -0.011726 0.014200 -0.080927 0.992559 -0.090977 9.416800 0.004343 0.091627 0.995784 -1.313000 0.000000 0.000000 0.000000 1.000000
0.996160 0.041369 -0.077162 0.014200 -0.049264 0.993420 -0.103396 9.416800 0.072376 0.106800 0.991643 -1.313000 0.000000 0.000000 0.000000 1.000000
0.994243 -0.003502 -0.107087 0.014200 -0.007410 0.994826 -0.101325 9.416800 0.106888 0.101536 0.989073 -1.313000 0.000000 0.000000 0.000000 1.000000
0.995317 -0.031908 -0.091247 0.014200 0.023312 0.995321 -0.093764 9.416800 0.093812 0.091198 0.991404 -1.313000 0.000000 0.000000 0.000000 1.000000
0.998083 -0.032663 -0.052577 0.014200 0.027572 0.995115 -0.094795 9.416800 0.055416 0.093163 0.994107 -1.313000 0.000000 0.000000 0.000000 1.000000
0.999874 -0.012553 -0.009753 0.014200 0.011461 0.994411 -0.104951 9.416800 0.011016 0.104826 0.994430 -1.313000 0.000000 0.000000 0.000000 1.000000
