<?xml version="1.0" encoding="utf-8"?>
<COLLADA xmlns="http://www.collada.org/2005/11/COLLADASchema" version="1.4.1">
  <asset><contributor><author>Mixamo</author><authoring_tool>COLLADA Mixamo exporter</authoring_tool><comments></comments></contributor><created>2018-10-29T23:08:58Z</created><modified>2018-10-29T23:08:58Z</modified><revision></revision><title></title><unit meter="0.010000"/><up_axis>Y_UP</up_axis></asset>
  <library_animations>
    <animation id="Hips-anim" name="Hips"><source id="Hips-Matrix-animation-input"><float_array id="Hips-Matrix-animation-input-array" count="29">

0.000000 0.033333 0.066667 0.100000 0.133333 0.166667 0.200000 0.233333 0.266667 0.300000 0.333333 0.366667 0.400000 0.433333 0.466667 0.500000
0.533333 0.566667 0.600000 0.633333 0.666667 0.700000 0.733333 0.766667 0.800000 0.833333 0.866667 0.900000 0.933333</float_array><technique_common><accessor source="#Hips-Matrix-animation-input-array" count="29"><param name="TIME" type="float"/></accessor></technique_common></source><source id="Hips-Matrix-animation-output-transform"><float_array id="Hips-Matrix-animation-output-transform-array" count="464">

0.995447 0.077712 0.055186 -0.098525 -0.072240 0.992848 -0.095054 72.524734 -0.062178 0.090635 0.993941 1.091711 0.000000 0.000000 0.000000 1.000000
0.998440 -0.016617 0.053310 1.200091 0.018509 0.999210 -0.035181 76.957077 -0.052683 0.036112 0.997958 12.749037 0.000000 0.000000 0.000000 1.000000
0.990591 -0.097177 0.096360 1.379091 0.095010 0.995115 0.026835 82.210106 -0.098497 -0.017428 0.994985 23.756985 0.000000 0.000000 0.000000 1.000000
0.986401 -0.129791 0.100830 0.070212 0.120266 0.988144 0.095432 89.171211 -0.112021 -0.082008 0.990316 33.550087 0.000000 0.000000 0.000000 1.000000
0.988761 -0.144736 0.037460 -1.925947 0.135325 0.972940 0.187280 95.599144 -0.063553 -0.180106 0.981592 42.262508 0.000000 0.000000 0.000000 1.000000
0.983675 -0.175641 -0.039163 -3.756836 0.179543 0.943220 0.279466 100.541618 -0.012146 -0.281935 0.959357 49.632030 0.000000 0.000000 0.000000 1.000000
0.979742 -0.184850 -0.077048 -5.252579 0.200165 0.915997 0.347684 105.568558 0.006307 -0.356063 0.934441 56.808853 0.000000 0.000000 0.000000 1.000000
0.984703 -0.147103 -0.093388 -6.958428 0.171938 0.907208 0.383940 111.027130 0.028244 -0.394124 0.918623 63.499409 0.000000 0.000000 0.000000 1.000000
0.988954 -0.082493 -0.123147 -9.384822 0.124322 0.914043 0.386095 116.189789 0.080712 -0.397140 0.914202 68.726143 0.000000 0.000000 0.000000 1.000000
0.987449 -0.033399 -0.154367 -12.573941 0.090009 0.922135 0.376253 120.733185 0.129781 -0.385425 0.913567 74.043556 0.000000 0.000000 0.000000 1.000000
0.985692 -0.031355 -0.165614 -16.602255 0.093712 0.918638 0.383825 125.528366 0.140104 -0.393853 0.908433 80.187958 0.000000 0.000000 0.000000 1.000000
0.983903 -0.060964 -0.167985 -21.577721 0.125863 0.903710 0.409226 130.859558 0.126862 -0.423782 0.896836 86.659813 0.000000 0.000000 0.000000 1.000000
0.979150 -0.090457 -0.181886 -27.643484 0.162495 0.886096 0.434084 135.930984 0.121902 -0.454589 0.882320 93.568581 0.000000 0.000000 0.000000 1.000000
0.970526 -0.103275 -0.217748 -34.511200 0.191681 0.878448 0.437707 140.381714 0.146076 -0.466544 0.872352 101.169304 0.000000 0.000000 0.000000 1.000000
0.951453 -0.123512 -0.281924 -41.092037 0.234557 0.884041 0.404294 143.852890 0.199297 -0.450794 0.870095 109.361763 0.000000 0.000000 0.000000 1.000000
0.907872 -0.187235 -0.375114 -46.661480 0.318594 0.889705 0.326990 146.283005 0.272517 -0.416374 0.867391 117.774223 0.000000 0.000000 0.000000 1.000000
0.832672 -0.282777 -0.476125 -52.359112 0.422550 0.880167 0.216235 148.542831 0.357924 -0.381239 0.852377 125.388832 0.000000 0.000000 0.000000 1.000000
0.754054 -0.366801 -0.544848 -59.196705 0.496015 0.861782 0.106303 150.436371 0.430548 -0.350411 0.831769 131.198914 0.000000 0.000000 0.000000 1.000000
0.707766 -0.419649 -0.568297 -66.800827 0.524872 0.850801 0.025425 151.304459 0.472838 -0.316278 0.822431 135.248322 0.000000 0.000000 0.000000 1.000000
0.685764 -0.446364 -0.574879 -74.988609 0.525562 0.850110 -0.033131 151.294937 0.503499 -0.279415 0.817567 139.009644 0.000000 0.000000 0.000000 1.000000
0.679929 -0.463211 -0.568447 -83.298805 0.522789 0.849812 -0.067171 150.544113 0.514188 -0.251506 0.819973 143.601440 0.000000 0.000000 0.000000 1.000000
0.705383 -0.458369 -0.540678 -91.350235 0.526271 0.849648 -0.033717 148.849884 0.474841 -0.260760 0.840554 148.157639 0.000000 0.000000 0.000000 1.000000
0.745794 -0.395732 -0.535899 -99.350388 0.494513 0.867882 0.047315 145.781067 0.446373 -0.300296 0.842955 152.547516 0.000000 0.000000 0.000000 1.000000
0.737155 -0.282727 -0.613733 -106.941803 0.429507 0.897221 0.102561 141.338425 0.521657 -0.339206 0.782824 157.221237 0.000000 0.000000 0.000000 1.000000
0.661155 -0.125394 -0.739696 -112.960808 0.343878 0.926918 0.150233 136.325104 0.666800 -0.353693 0.655957 162.426773 0.000000 0.000000 0.000000 1.000000
0.481874 0.037239 -0.875449 -119.684631 0.278920 0.940610 0.193537 130.785080 0.830663 -0.337441 0.442869 167.962616 0.000000 0.000000 0.000000 1.000000
0.247064 0.171864 -0.953636 -127.796936 0.251661 0.938995 0.234425 124.749527 0.935749 -0.297911 0.188740 172.782715 0.000000 0.000000 0.000000 1.000000
0.109165 0.258927 -0.959708 -136.742371 0.247667 0.927945 0.278529 118.503731 0.962675 -0.268094 0.037172 176.659653 0.000000 0.000000 0.000000 1.000000
0.073370 0.296498 -0.952211 -145.683853 0.243594 0.920538 0.305405 112.554283 0.967098 -0.254360 -0.004685 180.390945 0.000000 0.000000 0.000000 1.000000</float_array><technique_common><accessor source="#Hips-Matrix-animation-output-transform-array" count="29" stride="16"><param type="float4x4"/></accessor></technique_common></source><source id="Hips-Interpolations"><Name_array id="Hips-Interpolations-array" count="29">
 LINEAR LINEAR LINEAR LINEAR LINEAR LINEAR LINEAR LINEAR LINEAR LINEAR LINEAR
LINEAR LINEAR LINEAR LINEAR LINEAR LINEAR LINEAR LINEAR LINEAR LINEAR LINEAR LINEAR
LINEAR LINEAR LINEAR LINEAR LINEAR LINEAR</Name_array><technique_common><accessor source="#Hips-Interpolations-array" count="29"><param type="name"/></accessor></technique_common></source><sampler id="Hips-Matrix-animation-transform"><input semantic="INPUT" source="#Hips-Matrix-animation-input"/><input semantic="OUTPUT" source="#Hips-Matrix-animation-output-transform"/><input semantic="INTERPOLATION" source="#Hips-Interpolations"/></sampler><channel source="#Hips-Matrix-animation-transform" target="Hips/matrix"/></animation>
    <animation id="Spine-anim" name="Spine"><source id="Spine-Matrix-animation-input"><float_array id="Spine-Matrix-animation-input-array" count="29">

0.000000 0.033333 0.066667 0.100000 0.133333 0.166667 0.200000 0.233333 0.266667 0.300000 0.333333 0.366667 0.400000 0.433333 0.466667 0.500000
0.533333 0.566667 0.600000 0.633333 0.666667 0.700000 0.733333 0.766667 0.800000 0.833333 0.866667 0.900000 0.933333</float_array><technique_common><accessor source="#Spine-Matrix-animation-input-array" count="29"><param name="TIME" type="float"/></accessor></technique_common></source><source id="Spine-Matrix-animation-output-transform"><float_array id="Spine-Matrix-animation-output-transform-array" count="464">

0.998538 -0.049718 0.021219 0.009000 0.051356 0.995031 -0.085299 7.062600 -0.016872 0.086264 0.996129 -0.984700 0.000000 0.000000 0.000000 1.000000
0.998167 -0.042931 0.042656 0.009000 0.046051 0.996113 -0.075085 7.062600 -0.039266 0.076912 0.996264 -0.984700 0.000000 0.000000 0.000000 1.000000
0.997983 -0.019905 0.060280 0.009000 0.023641 0.997801 -0.061925 7.062600 -0.058915 0.063225 0.996259 -0.984700 0.000000 0.000000 0.000000 1.000000
0.997969 -0.013652 0.062227 0.009000 0.017110 0.998318 -0.055388 7.062600 -0.061366 0.056340 0.996524 -0.984700 0.000000 0.000000 0.000000 1.000000
0.998521 -0.016196 0.051891 0.009000 0.019362 0.997943 -0.061115 7.062600 -0.050794 0.062029 0.996781 -0.984700 0.000000 0.000000 0.000000 1.000000
0.999260 -0.011839 0.036595 0.009000 0.014391 0.997425 -0.070264 7.062600 -0.035669 0.070738 0.996857 -0.984700 0.000000 0.000000 0.000000 1.000000
0.999833 -0.002324 0.018128 0.009000 0.003654 0.997275 -0.073678 7.062600 -0.017907 0.073732 0.997117 -0.984700 0.000000 0.000000 0.000000 1.000000
0.999995 -0.002942 -0.001137 0.009000 0.002843 0.996836 -0.079430 7.062600 0.001367 0.079427 0.996840 -0.984700 0.000000 0.000000 0.000000 1.000000
0.999599 -0.019897 -0.020157 0.009000 0.017933 0.995474 -0.093332 7.062600 0.021923 0.092933 0.995431 -0.984700 0.000000 0.000000 0.000000 1.000000
0.998739 -0.039633 -0.030811 0.009000 0.036229 0.993906 -0.104108 7.062600 0.034749 0.102860 0.994089 -0.984700 0.000000 0.000000 0.000000 1.000000
0.998360 -0.047855 -0.031414 0.009000 0.044277 0.993368 -0.106107 7.062600 0.036283 0.104542 0.993858 -0.984700 0.000000 0.000000 0.000000 1.000000
0.998528 -0.049864 -0.021363 0.009000 0.047416 0.993568 -0.102835 7.062600 0.026353 0.101670 0.994469 -0.984700 0.000000 0.000000 0.000000 1.000000
0.998559 -0.052944 -0.008728 0.009000 0.051843 0.993875 -0.097593 7.062600 0.013842 0.097000 0.995188 -0.984700 0.000000 0.000000 0.000000 1.000000
0.998173 -0.060425 -0.000321 0.009000 0.060146 0.994045 -0.090868 7.062600 0.005809 0.090682 0.995863 -0.984700 0.000000 0.000000 0.000000 1.000000
0.997523 -0.069727 0.009240 0.009000 0.070251 0.994147 -0.082071 7.062600 -0.003463 0.082517 0.996584 -0.984700 0.000000 0.000000 0.000000 1.000000
0.997255 -0.068762 0.027452 0.009000 0.070595 0.994859 -0.072601 7.062600 -0.022319 0.074340 0.996983 -0.984700 0.000000 0.000000 0.000000 1.000000
0.997349 -0.051779 0.051123 0.009000 0.055091 0.996321 -0.065647 7.062600 -0.047536 0.068289 0.996532 -0.984700 0.000000 0.000000 0.000000 1.000000
0.997157 -0.032039 0.068195 0.009000 0.036290 0.997414 -0.062035 7.062600 -0.066031 0.064334 0.995741 -0.984700 0.000000 0.000000 0.000000 1.000000
0.997350 -0.020701 0.069739 0.009000 0.024843 0.997946 -0.059052 7.062600 -0.068373 0.060628 0.995816 -0.984700 0.000000 0.000000 0.000000 1.000000
0.998304 -0.020522 0.054473 0.009000 0.023464 0.998269 -0.053934 7.062600 -0.053272 0.055121 0.997058 -0.984700 0.000000 0.000000 0.000000 1.000000
0.999565 -0.018933 0.022595 0.009000 0.019974 0.998706 -0.046773 7.062600 -0.021681 0.047204 0.998650 -0.984700 0.000000 0.000000 0.000000 1.000000
0.999433 -0.008126 -0.032684 0.009000 0.006704 0.999037 -0.043371 7.062600 0.033005 0.043127 0.998524 -0.984700 0.000000 0.000000 0.000000 1.000000
0.996004 0.010716 -0.088664 0.009000 -0.015178 0.998644 -0.049800 7.062600 0.088011 0.050947 0.994816 -0.984700 0.000000 0.000000 0.000000 1.000000
0.992241 0.021795 -0.122406 0.009000 -0.031348 0.996563 -0.076672 7.062600 0.120314 0.079914 0.989514 -0.984700 0.000000 0.000000 0.000000 1.000000
0.991858 0.015906 -0.126355 0.009000 -0.031407 0.992075 -0.121657 7.062600 0.123419 0.124635 0.984497 -0.984700 0.000000 0.000000 0.000000 1.000000
0.995312 0.015536 -0.095461 0.009000 -0.031767 0.984769 -0.170944 7.062600 0.091351 0.173175 0.980645 -0.984700 0.000000 0.000000 0.000000 1.000000
0.998271 0.030578 -0.050196 0.009000 -0.040561 0.976466 -0.211823 7.062600 0.042538 0.213493 0.976018 -0.984700 0.000000 0.000000 0.000000 1.000000
0.998468 0.052343 -0.017921 0.009000 -0.055119 0.969119 -0.240353 7.062600 0.004787 0.240972 0.970520 -0.984700 0.000000 0.000000 0.000000 1.000000
0.997453 0.070556 -0.010481 0.009000 -0.070893 0.964331 -0.255028 7.062600 -0.007887 0.255121 0.966877 -0.984700 0.000000 0.000000 0.000000 1.000000</float_array><technique_common><accessor source="#Spine-Matrix-animation-output-transform-array" count="29" stride="16"><param type="float4x4"/></accessor></technique_common></source><source id="Spine-Interpolations"><Name_array id="Spine-Interpolations-array" count="29">
 LINEAR LINEAR LINEAR LINEAR LINEAR LINEAR LINEAR LINEAR LINEAR LINEAR LINEAR
LINEAR LINEAR LINEAR LINEAR LINEAR LINEAR LINEAR LINEAR LINEAR LINEAR LINEAR LINEAR
LINEAR LINEAR LINEAR LINEAR LINEAR LINEAR</Name_array><technique_common><accessor source="#Spine-Interpolations-array" count="29"><param type="name"/></accessor></technique_common></source><sampler id="Spine-Matrix-animation-transform"><input semantic="INPUT" source="#Spine-Matrix-animation-input"/><input semantic="OUTPUT" source="#Spine-Matrix-animation-output-transform"/><input semantic="INTERPOLATION" source="#Spine-Interpolations"/></sampler><channel source="#Spine-Matrix-animation-transform" target="Spine/matrix"/></animation>
    <animation id="Spine1-anim" name="Spine1"><source id="Spine1-Matrix-animation-input"><float_array id="Spine1-Matrix-animation-input-array" count="29">

0.000000 0.033333 0.066667 0.100000 0.133333 0.166667 0.200000 0.233333 0.266667 0.300000 0.333333 0.366667 0.400000 0.433333 0.466667 0.500000
0.533333 0.566667 0.600000 0.633333 0.666667 0.700000 0.733333 0.766667 0.800000 0.833333 0.866667 0.900000 0.933333</float_array><technique_common><accessor source="#Spine1-Matrix-animation-input-array" count="29"><param name="TIME" type="float"/></accessor></technique_common></source><source id="Spine1-Matrix-animation-output-transform"><float_array id="Spine1-Matrix-animation-output-transform-array" count="464">

0.998355 -0.030016 0.048854 0.012400 0.037968 0.984541 -0.170988 8.239700 -0.042967 0.172561 0.984061 -1.148800 0.000000 0.000000 0.000000 1.000000
0.996721 -0.011127 0.080151 0.012400 0.023272 0.988071 -0.152234 8.239700 -0.077501 0.153600 0.985089 -1.148800 0.000000 0.000000 0.000000 1.000000
0.994390 0.006018 0.105601 0.012400 0.007363 0.992020 -0.125868 8.239700 -0.105515 0.125939 0.986411 -1.148800 0.000000 0.000000 0.000000 1.000000
0.993972 0.006445 0.109446 0.012400 0.005920 0.993659 -0.112283 8.239700 -0.109475 0.112254 0.987631 -1.148800 0.000000 0.000000 0.000000 1.000000
0.996548 -0.002753 0.082974 0.012400 0.012987 0.992316 -0.123049 8.239700 -0.081998 0.123701 0.988926 -1.148800 0.000000 0.000000 0.000000 1.000000
0.998836 -0.007990 0.047565 0.012400 0.014609 0.989975 -0.140485 8.239700 -0.045966 0.141016 0.988940 -1.148800 0.000000 0.000000 0.000000 1.000000
0.999517 -0.023144 0.020735 0.012400 0.025938 0.988862 -0.146560 8.239700 -0.017112 0.147027 0.988984 -1.148800 0.000000 0.000000 0.000000 1.000000
0.998435 -0.055921 0.001109 0.012400 0.055391 0.985823 -0.158381 8.239700 0.007763 0.158194 0.987377 -1.148800 0.000000 0.000000 0.000000 1.000000
0.996611 -0.080140 -0.018572 0.012400 0.075282 0.979501 -0.186844 8.239700 0.033165 0.184813 0.982214 -1.148800 0.000000 0.000000 0.000000 1.000000
0.995534 -0.085481 -0.040054 0.012400 0.075368 0.975218 -0.208012 8.239700 0.056843 0.204064 0.977306 -1.148800 0.000000 0.000000 0.000000 1.000000
0.995480 -0.083666 -0.044931 0.012400 0.072374 0.974698 -0.211484 8.239700 0.061488 0.207276 0.976348 -1.148800 0.000000 0.000000 0.000000 1.000000
0.996437 -0.079983 -0.026773 0.012400 0.072851 0.976108 -0.204709 8.239700 0.042506 0.202029 0.978457 -1.148800 0.000000 0.000000 0.000000 1.000000
0.997186 -0.074821 -0.004592 0.012400 0.072509 0.978291 -0.194137 8.239700 0.019018 0.193258 0.980964 -1.148800 0.000000 0.000000 0.000000 1.000000
0.997627 -0.068296 0.008705 0.012400 0.068743 0.981100 -0.180879 8.239700 0.003813 0.181048 0.983467 -1.148800 0.000000 0.000000 0.000000 1.000000
0.998358 -0.053174 0.021326 0.012400 0.055960 0.984862 -0.164057 8.239700 -0.012280 0.164981 0.986220 -1.148800 0.000000 0.000000 0.000000 1.000000
0.998684 -0.024763 0.044908 0.012400 0.031132 0.988615 -0.147209 8.239700 -0.040751 0.148414 0.988085 -1.148800 0.000000 0.000000 0.000000 1.000000
0.996911 0.006886 0.078243 0.012400 0.003821 0.990718 -0.135877 8.239700 -0.078453 0.135756 0.987631 -1.148800 0.000000 0.000000 0.000000 1.000000
0.993887 0.030690 0.106052 0.012400 -0.016745 0.991378 -0.129957 8.239700 -0.109126 0.127387 0.985832 -1.148800 0.000000 0.000000 0.000000 1.000000
0.993003 0.042520 0.110171 0.012400 -0.028730 0.991884 -0.123861 8.239700 -0.114544 0.119829 0.986165 -1.148800 0.000000 0.000000 0.000000 1.000000
0.994999 0.045615 0.088863 0.012400 -0.035453 0.992991 -0.112751 8.239700 -0.093384 0.109036 0.989642 -1.148800 0.000000 0.000000 0.000000 1.000000
0.998463 0.040270 0.038076 0.012400 -0.036482 0.994768 -0.095427 8.239700 -0.041719 0.093891 0.994708 -1.148800 0.000000 0.000000 0.000000 1.000000
0.997392 0.032437 -0.064476 0.012400 -0.037841 0.995710 -0.084436 8.239700 0.061460 0.086656 0.994341 -1.148800 0.000000 0.000000 0.000000 1.000000
0.985288 0.029970 -0.168251 0.012400 -0.046707 0.994244 -0.096420 8.239700 0.164393 0.102860 0.981017 -1.148800 0.000000 0.000000 0.000000 1.000000
0.974291 0.024993 -0.223901 0.012400 -0.059959 0.986750 -0.150760 8.239700 0.217166 0.160309 0.962881 -1.148800 0.000000 0.000000 0.000000 1.000000
0.973712 0.015185 -0.227275 0.012400 -0.070656 0.968695 -0.237988 8.239700 0.216547 0.247790 0.944303 -1.148800 0.000000 0.000000 0.000000 1.000000
0.984140 0.026218 -0.175447 0.012400 -0.084273 0.939388 -0.332338 8.239700 0.156099 0.341852 0.926699 -1.148800 0.000000 0.000000 0.000000 1.000000
0.992761 0.069397 -0.098026 0.012400 -0.103867 0.905881 -0.410598 8.239700 0.060306 0.417807 0.906532 -1.148800 0.000000 0.000000 0.000000 1.000000
0.993197 0.104869 -0.050612 0.012400 -0.116362 0.877671 -0.464922 8.239700 -0.004335 0.467649 0.883904 -1.148800 0.000000 0.000000 0.000000 1.000000
0.992710 0.116719 -0.030048 0.012400 -0.116320 0.862549 -0.492422 8.239700 -0.031557 0.492328 0.869838 -1.148800 0.000000 0.000000 0.000000 1.000000</float_array><technique_common><accessor source="#Spine1-Matrix-animation-output-transform-array" count="29" stride="16"><param type="float4x4"/></accessor></technique_common></source><source id="Spine1-Interpolations"><Name_array id="Spine1-Interpolations-array" count="29">
 LINEAR LINEAR LINEAR LINEAR LINEAR LINEAR LINEAR LINEAR LINEAR LINEAR LINEAR
LINEAR LINEAR LINEAR LINEAR LINEAR LINEAR LINEAR LINEAR LINEAR LINEAR LINEAR LINEAR
LINEAR LINEAR LINEAR LINEAR LINEAR LINEAR</Name_array><technique_common><accessor source="#Spine1-Interpolations-array" count="29"><param type="name"/></accessor></technique_common></source><sampler id="Spine1-Matrix-animation-transform"><input semantic="INPUT" source="#Spine1-Matrix-animation-input"/><input semantic="OUTPUT" source="#Spine1-Matrix-animation-output-transform"/><input semantic="INTERPOLATION" source="#Spine1-Interpolations"/></sampler><channel source="#Spine1-Matrix-animation-transform" target="Spine1/matrix"/></animation>
    <animation id="Spine2-anim" name="Spine2"><source id="Spine2-Matrix-animation-input"><float_array id="Spine2-Matrix-animation-input-array" count="29">

0.000000 0.033333 0.066667 0.100000 0.133333 0.166667 0.200000 0.233333 0.266667 0.300000 0.333333 0.366667 0.400000 0.433333 0.466667 0.500000
0.533333 0.566667 0.600000 0.633333 0.666667 0.700000 0.733333 0.766667 0.800000 0.833333 0.866667 0.900000 0.933333</float_array><technique_common><accessor source="#Spine2-Matrix-animation-input-array" count="29"><param name="TIME" type="float"/></accessor></technique_common></source><source id="Spine2-Matrix-animation-output-transform"><float_array id="Spine2-Matrix-animation-output-transform-array" count="464">

0.998355 -0.030016 0.048854 0.014200 0.037968 0.984541 -0.170988 9.416800 -0.042967 0.172561 0.984061 -1.313000 0.000000 0.000000 0.000000 1.000000
0.996721 -0.011127 0.080151 0.014200 0.023272 0.988071 -0.152234 9.416800 -0.077501 0.153600 0.985089 -1.313000 0.000000 0.000000 0.000000 1.000000
0.994390 0.006018 0.105601 0.014200 0.007363 0.992020 -0.125868 9.416800 -0.105515 0.125939 0.986411 -1.313000 0.000000 0.000000 0.000000 1.000000
0.993972 0.006445 0.109446 0.014200 0.005920 0.993659 -0.112283 9.416800 -0.109475 0.112254 0.987631 -1.313000 0.000000 0.000000 0.000000 1.000000
0.996548 -0.002753 0.082974 0.014200 0.012987 0.992316 -0.123049 9.416800 -0.081998 0.123701 0.988926 -1.313000 0.000000 0.000000 0.000000 1.000000
0.998836 -0.007990 0.047565 0.014200 0.014609 0.989975 -0.140485 9.416800 -0.045966 0.141016 0.988940 -1.313000 0.000000 0.000000 0.000000 1.000000
0.999517 -0.023144 0.020735 0.014200 0.025938 0.988862 -0.146560 9.416800 -0.017112 0.147027 0.988984 -1.313000 0.000000 0.000000 0.000000 1.000000
0.998435 -0.055922 0.001109 0.014200 0.055391 0.985823 -0.158381 9.416800 0.007763 0.158194 0.987377 -1.313000 0.000000 0.000000 0.000000 1.000000
0.996611 -0.080140 -0.018573 0.014200 0.075282 0.979501 -0.186844 9.416800 0.033165 0.184813 0.982214 -1.313000 0.000000 0.000000 0.000000 1.000000
0.995534 -0.085481 -0.040054 0.014200 0.075368 0.975218 -0.208011 9.416800 0.056843 0.204064 0.977306 -1.313000 0.000000 0.000000 0.000000 1.000000
0.995480 -0.083666 -0.044931 0.014200 0.072374 0.974698 -0.211484 9.416800 0.061488 0.207276 0.976348 -1.313000 0.000000 0.000000 0.000000 1.000000
0.996437 -0.079983 -0.026773 0.014200 0.072851 0.976108 -0.204709 9.416800 0.042506 0.202029 0.978457 -1.313000 0.000000 0.000000 0.000000 1.000000
0.997186 -0.074821 -0.004592 0.014200 0.072509 0.978291 -0.194137 9.416800 0.019018 0.193258 0.980964 -1.313000 0.000000 0.000000 0.000000 1.000000
0.997627 -0.068296 0.008705 0.014200 0.068743 0.981100 -0.180878 9.416800 0.003813 0.181048 0.983467 -1.313000 0.000000 0.000000 0.000000 1.000000
0.998358 -0.053174 0.021326 0.014200 0.055960 0.984862 -0.164057 9.416800 -0.012280 0.164981 0.986220 -1.313000 0.000000 0.000000 0.000000 1.000000
0.998684 -0.024763 0.044908 0.014200 0.031132 0.988615 -0.147209 9.416800 -0.040751 0.148414 0.988085 -1.313000 0.000000 0.000000 0.000000 1.000000
0.996911 0.006886 0.078243 0.014200 0.003821 0.990718 -0.135877 9.416800 -0.078453 0.135756 0.987631 -1.313000 0.000000 0.000000 0.000000 1.000000
0.993887 0.030690 0.106052 0.014200 -0.016746 0.991378 -0.129958 9.416800 -0.109126 0.127387 0.985832 -1.313000 0.000000 0.000000 0.000000 1.000000
0.993003 0.042520 0.110171 0.014200 -0.028730 0.991884 -0.123861 9.416800 -0.114544 0.119829 0.986165 -1.313000 0.000000 0.000000 0.000000 1.000000
0.994999 0.045615 0.088863 0.014200 -0.035453 0.992991 -0.112751 9.416800 -0.093384 0.109036 0.989642 -1.313000 0.000000 0.000000 0.000000 1.000000
0.998463 0.040270 0.038076 0.014200 -0.036482 0.994768 -0.095427 9.416800 -0.041719 0.093891 0.994708 -1.313000 0.000000 0.000000 0.000000 1.000000
0.997392 0.032437 -0.064476 0.014200 -0.037841 0.995710 -0.084436 9.416800 0.061460 0.086656 0.994341 -1.313000 0.000000 0.000000 0.000000 1.000000
0.985288 0.029970 -0.168251 0.014200 -0.046707 0.994244 -0.096420 9.416800 0.164393 0.102860 0.981017 -1.313000 0.000000 0.000000 0.000000 1.000000
0.974291 0.024994 -0.223901 0.014200 -0.059959 0.986750 -0.150760 9.416800 0.217166 0.160309 0.962881 -1.313000 0.000000 0.000000 0.000000 1.000000
0.973712 0.015185 -0.227276 0.014200 -0.070656 0.968695 -0.237988 9.416800 0.216547 0.247790 0.944303 -1.313000 0.000000 0.000000 0.000000 1.000000
0.984140 0.026218 -0.175447 0.014200 -0.084273 0.939388 -0.332338 9.416800 0.156100 0.341852 0.926698 -1.313000 0.000000 0.000000 0.000000 1.000000
0.992761 0.069397 -0.098027 0.014200 -0.103867 0.905881 -0.410598 9.416800 0.060306 0.417807 0.906532 -1.313000 0.000000 0.000000 0.000000 1.000000
0.993197 0.104869 -0.050612 0.014200 -0.116362 0.877672 -0.464922 9.416800 -0.004335 0.467649 0.883904 -1.313000 0.000000 0.000000 0.000000 1.000000
0.992710 0.116719 -0.030048 0.014200 -0.116320 0.862549 -0.492422 9.416800 -0.031557 0.492327 0.869838 -1.313000 0.000000 0.000000 0.000000 1.000000</float_array><technique_common><accessor source="#Spine2-Matrix-animation-output-transform-array" count="29" stride="16"><param type="float4x4"/></accessor></technique_common></source><source id="Spine2-Interpolations"><Name_array id="Spine2-Interpolations-array" count="29">
 LINEAR LINEAR LINEAR LINEAR LINEAR LINEAR LINEAR LINEAR LINEAR LINEAR LINEAR
LINEAR LINEAR LINEAR LINEAR LINEAR LINEAR LINEAR LINEAR LINEAR LINEAR LINEAR LINEAR
LINEAR LINEAR LINEAR LINEAR LINEAR LINEAR</Name_array><technique_common><accessor source="#Spine2-Interpolations-array" count="29"><param type="name"/></accessor></technique_common></source><sampler id="Spine2-Matrix-animation-transform"><input semantic="INPUT" source="#Spine2-Matrix-animation-input"/><input semantic="OUTPUT" source="#Spine2-Matrix-animation-output-transform"/><input semantic="INTERPOLATION" source="#Spine2-Interpolations"/></sampler><channel source="#Spine2-Matrix-animation-transform" target="Spine2/matrix"/></animation>
    <animation id="Neck-anim" name="Neck"><source id="Neck-Matrix-animation-input"><float_array id="Neck-Matrix-animation-input-array" count="29">

0.000000 0.033333 0.066667 0.100000 0.133333 0.166667 0.200000 0.233333 0.266667 0.300000 0.333333 0.366667 0.400000 0.433333 0.466667 0.500000
0.533333 0.566667 0.600000 0.633333 0.666667 0.700000 0.733333 0.766667 0.800000 0.833333 0.866667 0.900000 0.933333</float_array><technique_common><accessor source="#Neck-Matrix-animation-input-array" count="29"><param name="TIME" type="float"/></accessor></technique_common></source><source id="Neck-Matrix-animation-output-transform"><float_array id="Neck-Matrix-animation-output-transform-array" count="464">

0.998465 0.007578 -0.054863 0.016000 -0.000367 0.991478 0.130272 10.593800 0.055382 -0.130052 0.989959 -1.477100 0.000000 0.000000 0.000000 1.000000
0.996220 0.033609 -0.080095 0.016000 -0.025276 0.994374 0.102871 10.593800 0.083102 -0.100457 0.991465 -1.477100 0.000000 0.000000 0.000000 1.000000
0.992920 0.048892 -0.108255 0.016000 -0.040814 0.996302 0.075612 10.593800 0.111551 -0.070658 0.991244 -1.477100 0.000000 0.000000 0.000000 1.000000
0.991242 0.040683 -0.125636 0.016000 -0.035102 0.998310 0.046316 10.593800 0.127308 -0.041500 0.990995 -1.477100 0.000000 0.000000 0.000000 1.000000
0.991906 0.010453 -0.126544 0.016000 -0.009474 0.999920 0.008331 10.593800 0.126621 -0.007064 0.991926 -1.477100 0.000000 0.000000 0.000000 1.000000
0.992760 -0.020097 -0.118418 0.016000 0.015965 0.999234 -0.035735 10.593800 0.119046 0.033585 0.992321 -1.477100 0.000000 0.000000 0.000000 1.000000
0.993163 -0.030084 -0.112794 0.016000 0.022617 0.997503 -0.066908 10.593800 0.114525 0.063899 0.991363 -1.477100 0.000000 0.000000 0.000000 1.000000
0.993511 -0.020291 -0.111914 0.016000 0.012910 0.997717 -0.066285 10.593800 0.113003 0.064410 0.991505 -1.477100 0.000000 0.000000 0.000000 1.000000
0.993850 -0.003560 -0.110681 0.016000 -0.000959 0.999169 -0.040752 10.593800 0.110734 0.040608 0.993020 -1.477100 0.000000 0.000000 0.000000 1.000000
0.993759 0.017871 -0.110110 0.016000 -0.020142 0.999606 -0.019551 10.593800 0.109717 0.021647 0.993727 -1.477100 0.000000 0.000000 0.000000 1.000000
0.991741 0.052230 -0.117137 0.016000 -0.055313 0.998199 -0.023222 10.593800 0.115713 0.029509 0.992844 -1.477100 0.000000 0.000000 0.000000 1.000000
0.986231 0.094655 -0.135603 0.016000 -0.102005 0.993611 -0.048302 10.593800 0.130164 0.061469 0.989585 -1.477100 0.000000 0.000000 0.000000 1.000000
0.979297 0.123388 -0.160474 0.016000 -0.137629 0.987179 -0.080848 10.593800 0.148441 0.101260 0.983723 -1.477100 0.000000 0.000000 0.000000 1.000000
0.975251 0.125731 -0.181869 0.016000 -0.147363 0.982864 -0.110734 10.593800 0.164830 0.134795 0.977068 -1.477100 0.000000 0.000000 0.000000 1.000000
0.974260 0.113969 -0.194494 0.016000 -0.140748 0.981486 -0.129906 10.593800 0.176088 0.153937 0.972264 -1.477100 0.000000 0.000000 0.000000 1.000000
0.973582 0.111864 -0.199060 0.016000 -0.139413 0.981636 -0.130212 10.593800 0.180838 0.154524 0.971298 -1.477100 0.000000 0.000000 0.000000 1.000000
0.971608 0.131489 -0.196694 0.016000 -0.155266 0.981646 -0.110742 10.593800 0.178522 0.138138 0.974191 -1.477100 0.000000 0.000000 0.000000 1.000000
0.968476 0.164410 -0.187146 0.016000 -0.182556 0.979588 -0.084142 10.593800 0.169492 0.115655 0.978722 -1.477100 0.000000 0.000000 0.000000 1.000000
0.966323 0.191696 -0.171673 0.016000 -0.206111 0.975998 -0.070336 10.593800 0.154070 0.103351 0.982640 -1.477100 0.000000 0.000000 0.000000 1.000000
0.967858 0.200898 -0.151295 0.016000 -0.214560 0.973429 -0.080003 10.593800 0.131203 0.109894 0.985246 -1.477100 0.000000 0.000000 0.000000 1.000000
0.973079 0.194267 -0.124009 0.016000 -0.207576 0.972538 -0.105277 10.593800 0.100152 0.128184 0.986681 -1.477100 0.000000 0.000000 0.000000 1.000000
0.979387 0.181188 -0.089291 0.016000 -0.191716 0.973014 -0.128408 10.593800 0.063615 0.142880 0.987694 -1.477100 0.000000 0.000000 0.000000 1.000000
0.984741 0.166425 -0.050870 0.016000 -0.171891 0.975824 -0.134984 10.593800 0.027175 0.141668 0.989541 -1.477100 0.000000 0.000000 0.000000 1.000000
0.988589 0.150082 -0.012931 0.016000 -0.150544 0.981294 -0.119997 10.593800 -0.005321 0.120574 0.992690 -1.477100 0.000000 0.000000 0.000000 1.000000
0.990519 0.135494 0.022663 0.016000 -0.132916 0.986922 -0.091200 10.593800 -0.034723 0.087323 0.995575 -1.477100 0.000000 0.000000 0.000000 1.000000
0.990142 0.128957 0.054670 0.016000 -0.125377 0.990009 -0.064520 10.593800 -0.062444 0.057030 0.996418 -1.477100 0.000000 0.000000 0.000000 1.000000
0.988483 0.129490 0.078319 0.016000 -0.125924 0.990834 -0.048898 10.593800 -0.083933 0.038473 0.995728 -1.477100 0.000000 0.000000 0.000000 1.000000
0.988050 0.127206 0.087038 0.016000 -0.124078 0.991447 -0.040478 10.593800 -0.091443 0.029195 0.995382 -1.477100 0.000000 0.000000 0.000000 1.000000
0.990538 0.113186 0.077608 0.016000 -0.110959 0.993295 -0.032457 10.593800 -0.080761 0.023538 0.996455 -1.477100 0.000000 0.000000 0.000000 1.000000</float_array><technique_common><accessor source="#Neck-Matrix-animation-output-transform-array" count="29" stride="16"><param type="float4x4"/></accessor></technique_common></source><source id="Neck-Interpolations"><Name_array id="Neck-Interpolations-array" count="29">
 LINEAR LINEAR LINEAR LINEAR LINEAR LINEAR LINEAR LINEAR LINEAR LINEAR LINEAR
LINEAR LINEAR LINEAR LINEAR LINEAR LINEAR LINEAR LINEAR LINEAR LINEAR LINEAR LINEAR
LINEAR LINEAR LINEAR LINEAR LINEAR LINEAR</Name_array><technique_common><accessor source="#Neck-Interpolations-array" count="29"><param type="name"/></accessor></technique_common></source><sampler id="Neck-Matrix-animation-transform"><input semantic="INPUT" source="#Neck-Matrix-animation-input"/><input semantic="OUTPUT" source="#Neck-Matrix-animation-output-transform"/><input semantic="INTERPOLATION" source="#Neck-Interpolations"/></sampler><channel source="#Neck-Matrix-animation-transform" target="Neck/matrix"/></animation>
    <animation id="Head-anim" name="Head"><source id="Head-Matrix-animation-input"><float_array id="Head-Matrix-animation-input-array" count="29">

0.000000 0.033333 0.066667 0.100000 0.133333 0.166667 0.200000 0.233333 0.266667 0.300000 0.333333 0.366667 0.400000 0.433333 0.466667 0.500000
0.533333 0.566667 0.600000 0.633333 0.666667 0.700000 0.733333 0.766667 0.800000 0.833333 0.866667 0.900000 0.933333</float_array><technique_common><accessor source="#Head-Matrix-animation-input-array" count="29"><param name="TIME" type="float"/></accessor></technique_common></source><source id="Head-Matrix-animation-output-transform"><float_array id="Head-Matrix-animation-output-transform-array" count="464">

0.987594 0.090814 -0.128109 0.000000 -0.057729 0.968649 0.241631 5.056400 0.146036 -0.231238 0.961875 0.719600 0.000000 0.000000 0.000000 1.000000
0.974392 0.035297 -0.222069 0.000000 -0.002875 0.989478 0.144656 5.056400 0.224839 -0.140313 0.964240 0.719600 0.000000 0.000000 0.000000 1.000000
0.947750 -0.055626 -0.314128 0.000000 0.076637 0.995545 0.054928 5.056400 0.309673 -0.076132 0.947790 0.719600 0.000000 0.000000 0.000000 1.000000
0.924660 -0.138846 -0.354578 -0.000000 0.144574 0.989439 -0.010429 5.056400 0.352282 -0.041620 0.934968 0.719600 0.000000 0.000000 0.000000 1.000000
0.924299 -0.182772 -0.335061 -0.000000 0.177007 0.983041 -0.047947 5.056400 0.338142 -0.014990 0.940976 0.719600 0.000000 0.000000 0.000000 1.000000
0.936517 -0.192694 -0.292923 0.000000 0.177879 0.981061 -0.076668 5.056400 0.302149 0.019696 0.953057 0.719600 0.000000 0.000000 0.000000 1.000000
0.942957 -0.193304 -0.271045 0.000000 0.173114 0.980138 -0.096756 5.056400 0.284365 0.044315 0.957691 0.719600 0.000000 0.000000 0.000000 1.000000
0.941349 -0.197655 -0.273485 -0.000000 0.180408 0.979728 -0.087103 5.056400 0.285157 0.032656 0.957924 0.719600 0.000000 0.000000 0.000000 1.000000
0.937969 -0.201309 -0.282292 0.000000 0.194605 0.979508 -0.051896 5.056400 0.286954 -0.006259 0.957924 0.719600 0.000000 0.000000 0.000000 1.000000
0.932432 -0.204854 -0.297667 0.000000 0.206473 0.978097 -0.026353 5.056400 0.296546 -0.036888 0.954306 0.719600 0.000000 0.000000 0.000000 1.000000
0.916488 -0.215906 -0.336800 0.000000 0.217025 0.975545 -0.034813 5.056400 0.336080 -0.041189 0.940932 0.719600 0.000000 0.000000 0.000000 1.000000
0.886635 -0.233042 -0.399462 0.000000 0.225719 0.971952 -0.066027 5.056400 0.403645 -0.031625 0.914369 0.719600 0.000000 0.000000 0.000000 1.000000
0.854037 -0.241381 -0.460821 -0.000000 0.224190 0.970129 -0.092671 5.056400 0.469425 -0.024167 0.882641 0.719600 0.000000 0.000000 0.000000 1.000000
0.833213 -0.235567 -0.500263 0.000000 0.212739 0.971643 -0.103207 5.056400 0.510390 -0.020432 0.859700 0.719600 0.000000 0.000000 0.000000 1.000000
0.822250 -0.234887 -0.518395 0.000000 0.207877 0.971878 -0.110638 5.056400 0.529804 -0.016790 0.847954 0.719600 0.000000 0.000000 0.000000 1.000000
0.808439 -0.261469 -0.527315 0.000000 0.226321 0.965125 -0.131579 5.056400 0.543328 -0.012969 0.839420 0.719600 0.000000 0.000000 0.000000 1.000000
0.787009 -0.311679 -0.532422 0.000000 0.263520 0.950144 -0.166687 5.056400 0.557830 -0.009120 0.829905 0.719600 0.000000 0.000000 0.000000 1.000000
0.769217 -0.357328 -0.529738 0.000000 0.297256 0.933966 -0.198358 5.056400 0.565636 -0.004888 0.824640 0.719600 0.000000 0.000000 0.000000 1.000000
0.773034 -0.371864 -0.513941 0.000000 0.311138 0.928284 -0.203670 5.056400 0.552821 -0.002463 0.833296 0.719600 0.000000 0.000000 0.000000 1.000000
0.805447 -0.350888 -0.477633 0.000000 0.303285 0.936414 -0.176487 5.056400 0.509189 -0.002708 0.860651 0.719600 0.000000 0.000000 0.000000 1.000000
0.856162 -0.310042 -0.413353 0.000000 0.279603 0.950722 -0.133974 5.056400 0.434522 -0.000871 0.900661 0.719600 0.000000 0.000000 0.000000 1.000000
0.907358 -0.266364 -0.325195 -0.000000 0.248847 0.963857 -0.095155 5.056400 0.338787 0.005416 0.940847 0.719600 0.000000 0.000000 0.000000 1.000000
0.946900 -0.227122 -0.227588 0.000000 0.219185 0.973842 -0.059909 5.056400 0.235241 0.006844 0.971913 0.719600 0.000000 0.000000 0.000000 1.000000
0.972036 -0.194158 -0.132096 0.000000 0.193340 0.980946 -0.019117 5.056400 0.133290 -0.006957 0.991053 0.719600 0.000000 0.000000 0.000000 1.000000
0.985339 -0.165296 -0.042234 0.000000 0.166229 0.985892 0.019605 5.056400 0.038398 -0.026338 0.998915 0.719600 0.000000 0.000000 0.000000 1.000000
0.990378 -0.132737 0.039152 0.000000 0.131524 0.990793 0.032095 5.056400 -0.043052 -0.026637 0.998718 0.719600 0.000000 0.000000 0.000000 1.000000
0.990590 -0.092231 0.101120 0.000000 0.091675 0.995737 0.010142 5.056400 -0.101625 -0.000776 0.994823 0.719600 0.000000 0.000000 0.000000 1.000000
0.989919 -0.052436 0.131571 -0.000000 0.055958 0.998163 -0.023212 5.056400 -0.130112 0.030340 0.991035 0.719600 0.000000 0.000000 0.000000 1.000000
0.991466 -0.026911 0.127561 -0.000000 0.031816 0.998824 -0.036573 5.056400 -0.126426 0.040319 0.991156 0.719600 0.000000 0.000000 0.000000 1.000000</float_array><technique_common><accessor source="#Head-Matrix-animation-output-transform-array" count="29" stride="16"><param type="float4x4"/></accessor></technique_common></source><source id="Head-Interpolations"><Name_array id="Head-Interpolations-array" count="29">
 LINEAR LINEAR LINEAR LINEAR LINEAR LINEAR LINEAR LINEAR LINEAR LINEAR LINEAR
LINEAR LINEAR LINEAR LINEAR LINEAR LINEAR LINEAR LINEAR LINEAR LINEAR LINEAR LINEAR
LINEAR LINEAR LINEAR LINEAR LINEAR LINEAR</Name_array><technique_common><accessor source="#Head-Interpolations-array" count="29"><param type="name"/></accessor></technique_common></source><sampler id="Head-Matrix-animation-transform"><input semantic="INPUT" source="#Head-Matrix-animation-input"/><input semantic="OUTPUT" source="#Head-Matrix-animation-output-transform"/><input semantic="INTERPOLATION" source="#Head-Interpolations"/></sampler><channel source="#Head-Matrix-animation-transform" target="Head/matrix"/></animation>
    <animation id="LeftShoulder-anim" name="LeftShoulder"><source id="LeftShoulder-Matrix-animation-input"><float_array id="LeftShoulder-Matrix-animation-input-array" count="29">

0.000000 0.033333 0.066667 0.100000 0.133333 0.166667 0.200000 0.233333 0.266667 0.300000 0.333333 0.366667 0.400000 0.433333 0.466667 0.500000
0.533333 0.566667 0.600000 0.633333 0.666667 0.700000 0.733333 0.766667 0.800000 0.833333 0.866667 0.900000 0.933333</float_array><technique_common><accessor source="#LeftShoulder-Matrix-animation-input-array" count="29"><param name="TIME" type="float"/></accessor></technique_common></source><source id="LeftShoulder-Matrix-animation-output-transform"><float_array id="LeftShoulder-Matrix-animation-output-transform-array" count="464">

0.986898 0.159919 -0.021406 3.528500 -0.160327 0.986883 -0.018914 8.730400 0.018101 0.022098 0.999592 -1.456100 0.000000 0.000000 0.000000 1.000000
0.982261 0.172274 0.074062 3.528500 -0.171406 0.985037 -0.017960 8.730400 -0.076048 0.004947 0.997092 -1.456100 0.000000 0.000000 0.000000 1.000000
0.975193 0.156498 0.156548 3.528500 -0.155766 0.987647 -0.017015 8.730400 -0.157277 -0.007792 0.987524 -1.456100 0.000000 0.000000 0.000000 1.000000
0.970944 0.116586 0.208988 3.528500 -0.116412 0.993114 -0.013176 8.730400 -0.209085 -0.011536 0.977829 -1.456100 0.000000 0.000000 0.000000 1.000000
0.970061 0.076554 0.230479 3.528500 -0.076380 0.997032 -0.009693 8.730400 -0.230537 -0.008201 0.973029 -1.456100 0.000000 0.000000 0.000000 1.000000
0.982126 0.065237 0.176556 3.528500 -0.064171 0.997870 -0.011747 8.730400 -0.176946 0.000207 0.984221 -1.456100 0.000000 0.000000 0.000000 1.000000
0.994034 0.086318 0.066674 3.528500 -0.085768 0.996254 -0.011078 8.730400 -0.067380 0.005294 0.997713 -1.456100 0.000000 0.000000 0.000000 1.000000
0.994981 0.094484 -0.032941 3.528500 -0.094858 0.995441 -0.009988 8.730400 0.031847 0.013063 0.999407 -1.456100 0.000000 0.000000 0.000000 1.000000
0.987510 0.064600 -0.143701 3.528500 -0.068233 0.997459 -0.020493 8.730400 0.142012 0.030043 0.989409 -1.456100 0.000000 0.000000 0.000000 1.000000
0.970106 0.014552 -0.242247 3.528500 -0.025482 0.998791 -0.042047 8.730400 0.241342 0.046963 0.969303 -1.456100 0.000000 0.000000 0.000000 1.000000
0.952812 -0.014901 -0.303196 3.528500 -0.003593 0.998171 -0.060347 8.730400 0.303540 0.058588 0.951016 -1.456100 0.000000 0.000000 0.000000 1.000000
0.951298 -0.009882 -0.308115 3.528500 -0.009199 0.998131 -0.060414 8.730400 0.308137 0.060306 0.949429 -1.456100 0.000000 0.000000 0.000000 1.000000
0.978110 0.009051 -0.207890 3.528500 -0.017477 0.999097 -0.038730 8.730400 0.207352 0.041515 0.977385 -1.456100 0.000000 0.000000 0.000000 1.000000
0.997035 0.021058 -0.074018 3.528500 -0.022238 0.999638 -0.015158 8.730400 0.073672 0.016759 0.997142 -1.456100 0.000000 0.000000 0.000000 1.000000
0.999255 0.037758 -0.008039 3.528500 -0.037818 0.999256 -0.007504 8.730400 0.007749 0.007802 0.999940 -1.456100 0.000000 0.000000 0.000000 1.000000
0.996276 0.045062 0.073510 3.528500 -0.044577 0.998972 -0.008227 8.730400 -0.073805 0.004919 0.997261 -1.456100 0.000000 0.000000 0.000000 1.000000
0.980352 0.036908 0.193773 3.528500 -0.035910 0.999318 -0.008661 8.730400 -0.193960 0.001532 0.981008 -1.456100 0.000000 0.000000 0.000000 1.000000
0.953960 0.024947 0.298896 3.528500 -0.024583 0.999685 -0.004977 8.730400 -0.298926 -0.002600 0.954273 -1.456100 0.000000 0.000000 0.000000 1.000000
