<?xml version="1.0" encoding="utf-8"?>
<COLLADA xmlns="http://www.collada.org/2005/11/COLLADASchema" version="1.4.1">
  <asset><contributor><author>Mixamo</author><authoring_tool>COLLADA Mixamo exporter</authoring_tool><comments></comments></contributor><created>2018-11-01T22:17:39Z</created><modified>2018-11-01T22:17:39Z</modified><revision></revision><title></title><unit meter="0.010000"/><up_axis>Y_UP</up_axis></asset>
  <library_animations>
    <animation id="Hips-anim" name="Hips"><source id="Hips-Matrix-animation-input"><float_array id="Hips-Matrix-animation-input-array" count="251">

0.000000 0.033333 0.066667 0.100000 0.133333 0.166667 0.200000 0.233333 0.266667 0.300000 0.333333 0.366667 0.400000 0.433333 0.466667 0.500000
0.533333 0.566667 0.600000 0.633333 0.666667 0.700000 0.733333 0.766667 0.800000 0.833333 0.866667 0.900000 0.933333 0.966667 1.000000 1.033333
1.066667 1.100000 1.133333 1.166667 1.200000 1.233333 1.266667 1.300000 1.333333 1.366667 1.400000 1.433333 1.466667 1.500000 1.533333 1.566667
1.600000 1.633333 1.666667 1.700000 1.733333 1.766667 1.800000 1.833333 1.866667 1.900000 1.933333 1.966667 2.000000 2.033333 2.066667 2.100000
2.133333 2.166667 2.200000 2.233333 2.266667 2.300000 2.333333 2.366667 2.400000 2.433333 2.466667 2.500000 2.533333 2.566667 2.600000 2.633333
2.666667 2.700000 2.733333 2.766667 2.800000 2.833333 2.866667 2.900000 2.933333 2.966667 3.000000 3.033333 3.066667 3.100000 3.133333 3.166667
3.200000 3.233333 3.266667 3.300000 3.333333 3.366667 3.400000 3.433333 3.466667 3.500000 3.533333 3.566667 3.600000 3.633333 3.666667 3.700000
3.733333 3.766667 3.800000 3.833333 3.866667 3.900000 3.933333 3.966667 4.000000 4.033333 4.066667 4.100000 4.133333 4.166667 4.200000 4.233333
4.266667 4.300000 4.333333 4.366667 4.400000 4.433333 4.466667 4.500000 4.533333 4.566667 4.600000 4.633333 4.666667 4.700000 4.733333 4.766667
4.800000 4.833333 4.866667 4.900000 4.933333 4.966667 5.000000 5.033333 5.066667 5.100000 5.133333 5.166667 5.200000 5.233333 5.266667 5.300000
5.333333 5.366667 5.400000 5.433333 5.466667 5.500000 5.533333 5.566667 5.600000 5.633333 5.666667 5.700000 5.733333 5.766667 5.800000 5.833333
5.866667 5.900000 5.933333 5.966667 6.000000 6.033333 6.066667 6.100000 6.133333 6.166667 6.200000 6.233333 6.266667 6.300000 6.333333 6.366667
6.400000 6.433333 6.466667 6.500000 6.533333 6.566667 6.600000 6.633333 6.666667 6.700000 6.733333 6.766667 6.800000 6.833333 6.866667 6.900000
6.933333 6.966667 7.000000 7.033333 7.066667 7.100000 7.133333 7.166667 7.200000 7.233333 7.266667 7.300000 7.333333 7.366667 7.400000 7.433333
7.466667 7.500000 7.533333 7.566667 7.600000 7.633333 7.666667 7.700000 7.733333 7.766667 7.800000 7.833333 7.866667 7.900000 7.933333 7.966667
8.000000 8.033333 8.066667 8.100000 8.133333 8.166667 8.200000 8.233333 8.266667 8.300000 8.333333</float_array><technique_common><accessor source="#Hips-Matrix-animation-input-array" count="251"><param name="TIME" type="float"/></accessor></technique_common></source><source id="Hips-Matrix-animation-output-transform"><float_array id="Hips-Matrix-animation-output-transform-array" count="4016">

0.995124 0.094720 0.027505 0.027690 -0.095171 0.995339 0.015587 78.766083 -0.025901 -0.018129 0.999500 0.994652 0.000000 0.000000 0.000000 1.000000
0.995107 0.094660 0.028327 -0.009221 -0.095191 0.995296 0.018019 78.767525 -0.026488 -0.020627 0.999436 0.969539 0.000000 0.000000 0.000000 1.000000
0.995080 0.094631 0.029346 -0.048687 -0.095262 0.995233 0.020883 78.768356 -0.027230 -0.023576 0.999351 0.943191 0.000000 0.000000 0.000000 1.000000
0.995044 0.094620 0.030568 -0.091514 -0.095370 0.995150 0.024091 78.767937 -0.028141 -0.026887 0.999242 0.918308 0.000000 0.000000 0.000000 1.000000
0.995002 0.094607 0.031935 -0.138518 -0.095495 0.995049 0.027526 78.765747 -0.029173 -0.030438 0.999111 0.897448 0.000000 0.000000 0.000000 1.000000
0.994959 0.094584 0.033318 -0.190631 -0.095620 0.994934 0.031038 78.761917 -0.030214 -0.034067 0.998963 0.883141 0.000000 0.000000 0.000000 1.000000
0.994921 0.094542 0.034568 -0.249135 -0.095729 0.994810 0.034475 78.757179 -0.031130 -0.037609 0.998808 0.878648 0.000000 0.000000 0.000000 1.000000
0.994896 0.094457 0.035508 -0.315014 -0.095783 0.994687 0.037735 78.752823 -0.031755 -0.040943 0.998657 0.887134 0.000000 0.000000 0.000000 1.000000
0.994896 0.094306 0.035888 -0.388232 -0.095747 0.994569 0.040813 78.750328 -0.031844 -0.044041 0.998522 0.909984 0.000000 0.000000 0.000000 1.000000
0.994933 0.094118 0.035364 -0.467797 -0.095630 0.994453 0.043801 78.750908 -0.031045 -0.046961 0.998414 0.946038 0.000000 0.000000 0.000000 1.000000
0.995008 0.094000 0.033522 -0.552329 -0.095514 0.994326 0.046834 78.755241 -0.028929 -0.049802 0.998340 0.992505 0.000000 0.000000 0.000000 1.000000
0.995112 0.094097 0.029961 -0.640386 -0.095514 0.994171 0.050006 78.763107 -0.025081 -0.052623 0.998299 1.046502 0.000000 0.000000 0.000000 1.000000
0.995226 0.094508 0.024352 -0.730162 -0.095694 0.993982 0.053305 78.773262 -0.019168 -0.055381 0.998281 1.105444 0.000000 0.000000 0.000000 1.000000
0.995319 0.095232 0.016485 -0.819158 -0.096021 0.993769 0.056604 78.783951 -0.010992 -0.057922 0.998261 1.166166 0.000000 0.000000 0.000000 1.000000
0.995346 0.096161 0.006346 -0.904563 -0.096369 0.993551 0.059749 78.792831 -0.000560 -0.060082 0.998193 1.224257 0.000000 0.000000 0.000000 1.000000
0.995253 0.097148 -0.005794 -0.984269 -0.096598 0.993348 0.062673 78.797844 0.011844 -0.061815 0.998017 1.275079 0.000000 0.000000 0.000000 1.000000
0.994992 0.098060 -0.019369 -1.057341 -0.096606 0.993169 0.065441 78.797859 0.025654 -0.063242 0.997668 1.315781 0.000000 0.000000 0.000000 1.000000
0.994535 0.098827 -0.033676 -1.123212 -0.096367 0.993007 0.068192 78.793602 0.040180 -0.064574 0.997104 1.346369 0.000000 0.000000 0.000000 1.000000
0.993879 0.099444 -0.048130 -1.180330 -0.095890 0.992840 0.071238 78.787209 0.054870 -0.066187 0.996297 1.365026 0.000000 0.000000 0.000000 1.000000
0.993030 0.099949 -0.062471 -1.225858 -0.095202 0.992641 0.074831 78.781357 0.069491 -0.068362 0.995237 1.369155 0.000000 0.000000 0.000000 1.000000
0.991983 0.100403 -0.076742 -1.256997 -0.094337 0.992404 0.078963 78.777672 0.084087 -0.071090 0.993919 1.358602 0.000000 0.000000 0.000000 1.000000
0.990725 0.100879 -0.091038 -1.272468 -0.093341 0.992120 0.083575 78.776230 0.098752 -0.074303 0.992334 1.333460 0.000000 0.000000 0.000000 1.000000
0.989257 0.101437 -0.105267 -1.272590 -0.092274 0.991789 0.088541 78.776108 0.113384 -0.077877 0.990494 1.295982 0.000000 0.000000 0.000000 1.000000
0.987624 0.102096 -0.119057 -1.258013 -0.091197 0.991418 0.093667 78.776115 0.127599 -0.081650 0.988459 1.251239 0.000000 0.000000 0.000000 1.000000
0.985916 0.102832 -0.131891 -1.228861 -0.090150 0.991018 0.098776 78.775414 0.140863 -0.085495 0.986331 1.205565 0.000000 0.000000 0.000000 1.000000
0.984233 0.103618 -0.143347 -1.185786 -0.089168 0.990592 0.103808 78.773407 0.152754 -0.089389 0.984213 1.163712 0.000000 0.000000 0.000000 1.000000
0.982642 0.104465 -0.153304 -1.131866 -0.088286 0.990134 0.108809 78.769547 0.163159 -0.093386 0.982170 1.126967 0.000000 0.000000 0.000000 1.000000
0.981158 0.105400 -0.161926 -1.073343 -0.087532 0.989641 0.113790 78.763626 0.172242 -0.097472 0.980220 1.094414 0.000000 0.000000 0.000000 1.000000
0.979781 0.106414 -0.169425 -1.017698 -0.086918 0.989128 0.118618 78.756363 0.180206 -0.101493 0.978379 1.066376 0.000000 0.000000 0.000000 1.000000
0.978538 0.107466 -0.175823 -0.970492 -0.086455 0.988621 0.123100 78.749748 0.187051 -0.105257 0.976695 1.046272 0.000000 0.000000 0.000000 1.000000
0.977491 0.108556 -0.180906 -0.933374 -0.086197 0.988125 0.127194 78.745728 0.192566 -0.108738 0.975241 1.037997 0.000000 0.000000 0.000000 1.000000
0.976696 0.109794 -0.184416 -0.904868 -0.086262 0.987606 0.131122 78.745026 0.196527 -0.112158 0.974062 1.041404 0.000000 0.000000 0.000000 1.000000
0.976180 0.111321 -0.186229 -0.883110 -0.086760 0.987010 0.135222 78.745926 0.198862 -0.115844 0.973157 1.051196 0.000000 0.000000 0.000000 1.000000
0.975947 0.113153 -0.186342 -0.867638 -0.087684 0.986306 0.139683 78.745483 0.199596 -0.119984 0.972505 1.061002 0.000000 0.000000 0.000000 1.000000
0.976023 0.115113 -0.184736 -0.859017 -0.088901 0.985517 0.144402 78.741936 0.198683 -0.124517 0.972122 1.068315 0.000000 0.000000 0.000000 1.000000
0.976452 0.116932 -0.181294 -0.857105 -0.090240 0.984698 0.149083 78.736389 0.195952 -0.129213 0.972063 1.075042 0.000000 0.000000 0.000000 1.000000
0.977261 0.118414 -0.175895 -0.860437 -0.091598 0.983900 0.153461 78.732124 0.191235 -0.133860 0.972374 1.083942 0.000000 0.000000 0.000000 1.000000
0.978416 0.119504 -0.168585 -0.867635 -0.092953 0.983143 0.157448 78.732216 0.184559 -0.138380 0.973031 1.095468 0.000000 0.000000 0.000000 1.000000
0.979823 0.120227 -0.159663 -0.878875 -0.094291 0.982420 0.161122 78.737259 0.176228 -0.142816 0.973934 1.107959 0.000000 0.000000 0.000000 1.000000
0.981361 0.120603 -0.149616 -0.895785 -0.095549 0.981718 0.164623 78.745300 0.166735 -0.147259 0.974943 1.119791 0.000000 0.000000 0.000000 1.000000
0.982924 0.120629 -0.138954 -0.919676 -0.096638 0.981028 0.168062 78.753395 0.156591 -0.151764 0.975934 1.130725 0.000000 0.000000 0.000000 1.000000
0.984441 0.120316 -0.128061 -0.950674 -0.097509 0.980350 0.171481 78.759674 0.146176 -0.156326 0.976829 1.141500 0.000000 0.000000 0.000000 1.000000
0.985877 0.119690 -0.117140 -0.988186 -0.098161 0.979687 0.174866 78.764359 0.135690 -0.160897 0.977599 1.152690 0.000000 0.000000 0.000000 1.000000
0.987217 0.118755 -0.106305 -1.031850 -0.098586 0.979047 0.178178 78.768661 0.125237 -0.165420 0.978239 1.164163 0.000000 0.000000 0.000000 1.000000
0.988451 0.117482 -0.095723 -1.081519 -0.098727 0.978443 0.181393 78.773636 0.114970 -0.169847 0.978741 1.175503 0.000000 0.000000 0.000000 1.000000
0.989566 0.115835 -0.085687 -1.136656 -0.098492 0.977886 0.184497 78.779060 0.105164 -0.174132 0.979091 1.186651 0.000000 0.000000 0.000000 1.000000
0.990547 0.113836 -0.076535 -1.196180 -0.097838 0.977386 0.187469 78.784012 0.096145 -0.178208 0.979284 1.198051 0.000000 0.000000 0.000000 1.000000
0.991393 0.111575 -0.068492 -1.258965 -0.096806 0.976950 0.190257 78.787659 0.088141 -0.181989 0.979342 1.210208 0.000000 0.000000 0.000000 1.000000
0.992111 0.109191 -0.061584 -1.324317 -0.095503 0.976554 0.192929 78.790039 0.081207 -0.185525 0.979278 1.226651 0.000000 0.000000 0.000000 1.000000
0.992717 0.106809 -0.055724 -1.391928 -0.094053 0.976175 0.195542 78.791855 0.075282 -0.188876 0.979111 1.250100 0.000000 0.000000 0.000000 1.000000
0.993222 0.104516 -0.050853 -1.461668 -0.092545 0.975816 0.198039 78.793968 0.070321 -0.191991 0.978874 1.279812 0.000000 0.000000 0.000000 1.000000
0.993637 0.102351 -0.047016 -1.532986 -0.090999 0.975483 0.200380 78.796738 0.066373 -0.194826 0.978590 1.314740 0.000000 0.000000 0.000000 1.000000
0.993970 0.100298 -0.044312 -1.605151 -0.089377 0.975197 0.202489 78.799873 0.063523 -0.197308 0.978281 1.352740 0.000000 0.000000 0.000000 1.000000
0.994237 0.098296 -0.042776 -1.677601 -0.087606 0.974992 0.204245 78.802956 0.061783 -0.199321 0.977985 1.390715 0.000000 0.000000 0.000000 1.000000
0.994457 0.096263 -0.042289 -1.750585 -0.085632 0.974905 0.205491 78.805695 0.061009 -0.200731 0.977745 1.425937 0.000000 0.000000 0.000000 1.000000
0.994648 0.094141 -0.042579 -1.825099 -0.083456 0.974970 0.206080 78.808266 0.060913 -0.201424 0.977608 1.457570 0.000000 0.000000 0.000000 1.000000
0.994824 0.091918 -0.043315 -1.901729 -0.081139 0.975198 0.205924 78.811043 0.061169 -0.201344 0.977609 1.486722 0.000000 0.000000 0.000000 1.000000
0.994993 0.089614 -0.044242 -1.979078 -0.078751 0.975586 0.205011 78.814224 0.061534 -0.200500 0.977759 1.514567 0.000000 0.000000 0.000000 1.000000
0.995155 0.087289 -0.045244 -2.054511 -0.076375 0.976123 0.203347 78.817635 0.061913 -0.198906 0.978061 1.539959 0.000000 0.000000 0.000000 1.000000
0.995298 0.085082 -0.046290 -2.126823 -0.074159 0.976806 0.200874 78.820709 0.062307 -0.196496 0.978523 1.558748 0.000000 0.000000 0.000000 1.000000
0.995409 0.083210 -0.047304 -2.198593 -0.072342 0.977642 0.197438 78.822716 0.062676 -0.193110 0.979173 1.566147 0.000000 0.000000 0.000000 1.000000
0.995481 0.081889 -0.048091 -2.274996 -0.071176 0.978610 0.193017 78.823425 0.062868 -0.188722 0.980016 1.564873 0.000000 0.000000 0.000000 1.000000
0.995521 0.081206 -0.048404 -2.359460 -0.070781 0.979654 0.187799 78.822868 0.062669 -0.183532 0.981014 1.563196 0.000000 0.000000 0.000000 1.000000
0.995549 0.081054 -0.048089 -2.451048 -0.071053 0.980719 0.182051 78.821251 0.061918 -0.177823 0.982113 1.567728 0.000000 0.000000 0.000000 1.000000
0.995581 0.081214 -0.047154 -2.545743 -0.071746 0.981755 0.176097 78.818611 0.060595 -0.171935 0.983243 1.582719 0.000000 0.000000 0.000000 1.000000
0.995626 0.081490 -0.045695 -2.639914 -0.072625 0.982737 0.170158 78.814644 0.058772 -0.166095 0.984357 1.607557 0.000000 0.000000 0.000000 1.000000
0.995688 0.081780 -0.043780 -2.732070 -0.073572 0.983672 0.164246 78.808929 0.056497 -0.160317 0.985447 1.638112 0.000000 0.000000 0.000000 1.000000
0.995769 0.082040 -0.041395 -2.821949 -0.074543 0.984593 0.158180 78.801338 0.053734 -0.154425 0.986542 1.669479 0.000000 0.000000 0.000000 1.000000
0.995872 0.082211 -0.038487 -2.909230 -0.075497 0.985542 0.151679 78.792435 0.050400 -0.148147 0.987680 1.697423 0.000000 0.000000 0.000000 1.000000
0.995999 0.082220 -0.035009 -2.992999 -0.076361 0.986553 0.144506 78.783241 0.046419 -0.141255 0.988884 1.718625 0.000000 0.000000 0.000000 1.000000
0.996150 0.082031 -0.030933 -3.072261 -0.077086 0.987621 0.136612 78.774933 0.041756 -0.133701 0.990142 1.731444 0.000000 0.000000 0.000000 1.000000
0.996314 0.081675 -0.026211 -3.145954 -0.077678 0.988701 0.128202 78.767616 0.036386 -0.125694 0.991402 1.737187 0.000000 0.000000 0.000000 1.000000
0.996479 0.081231 -0.020746 -3.212651 -0.078189 0.989731 0.119664 78.760048 0.030254 -0.117621 0.992598 1.740260 0.000000 0.000000 0.000000 1.000000
0.996631 0.080744 -0.014407 -3.270636 -0.078650 0.990660 0.111382 78.749031 0.023266 -0.109874 0.993673 1.746130 0.000000 0.000000 0.000000 1.000000
0.996754 0.080195 -0.007078 -3.317947 -0.079035 0.991476 0.103582 78.730316 0.015325 -0.102686 0.994596 1.758687 0.000000 0.000000 0.000000 1.000000
0.996831 0.079544 0.001302 -3.352135 -0.079299 0.992188 0.096301 78.701866 0.006368 -0.096099 0.995351 1.779277 0.000000 0.000000 0.000000 1.000000
0.996833 0.078788 0.010752 -3.369637 -0.079436 0.992818 0.089457 78.666359 -0.003626 -0.090028 0.995933 1.807836 0.000000 0.000000 0.000000 1.000000
0.996732 0.077928 0.021282 -3.365940 -0.079436 0.993387 0.082893 78.630600 -0.014682 -0.084313 0.996331 1.844198 0.000000 0.000000 0.000000 1.000000
0.996495 0.076911 0.032898 -3.337770 -0.079234 0.993924 0.076394 78.602150 -0.026822 -0.078733 0.996535 1.887989 0.000000 0.000000 0.000000 1.000000
0.996092 0.075678 0.045541 -3.285100 -0.078743 0.994451 0.069766 78.586388 -0.040008 -0.073079 0.996523 1.937587 0.000000 0.000000 0.000000 1.000000
0.995488 0.074238 0.059098 -3.210642 -0.077941 0.994963 0.063032 78.584671 -0.054121 -0.067354 0.996260 1.990569 0.000000 0.000000 0.000000 1.000000
0.994637 0.072667 0.073597 -3.116655 -0.076916 0.995427 0.056644 78.594940 -0.069144 -0.062001 0.995678 2.047506 0.000000 0.000000 0.000000 1.000000
0.993457 0.070981 0.089465 -3.002941 -0.075782 0.995796 0.051454 78.613548 -0.085437 -0.057898 0.994660 2.115833 0.000000 0.000000 0.000000 1.000000
0.991815 0.069056 0.107400 -2.868675 -0.074582 0.996044 0.048310 78.637108 -0.103639 -0.055925 0.993041 2.206620 0.000000 0.000000 0.000000 1.000000
0.989574 0.066789 0.127606 -2.716460 -0.073348 0.996179 0.047410 78.662971 -0.123952 -0.056275 0.990691 2.321645 0.000000 0.000000 0.000000 1.000000
0.986752 0.064389 0.148912 -2.552864 -0.072237 0.996236 0.047906 78.687790 -0.145267 -0.058029 0.987689 2.439846 0.000000 0.000000 0.000000 1.000000
0.983663 0.062481 0.168828 -2.383974 -0.071557 0.996270 0.048216 78.705544 -0.165186 -0.059509 0.984466 2.519419 0.000000 0.000000 0.000000 1.000000
0.980802 0.061736 0.184974 -2.210090 -0.071582 0.996325 0.047028 78.709892 -0.181391 -0.059366 0.981618 2.521378 0.000000 0.000000 0.000000 1.000000
0.978434 0.062313 0.196935 -2.026469 -0.072377 0.996392 0.044318 78.700981 -0.193463 -0.057616 0.979414 2.438587 0.000000 0.000000 0.000000 1.000000
0.976309 0.063566 0.206834 -1.828637 -0.073663 0.996420 0.041480 78.685631 -0.203457 -0.055733 0.977496 2.301843 0.000000 0.000000 0.000000 1.000000
0.973844 0.064382 0.217903 -1.617064 -0.074899 0.996375 0.040343 78.670410 -0.214516 -0.055609 0.975136 2.154668 0.000000 0.000000 0.000000 1.000000
0.970567 0.064034 0.232164 -1.396474 -0.075688 0.996262 0.041633 78.658524 -0.228630 -0.057980 0.971785 2.019334 0.000000 0.000000 0.000000 1.000000
0.966430 0.062604 0.249187 -1.172052 -0.076027 0.996108 0.044603 78.649910 -0.245425 -0.062051 0.967428 1.886369 0.000000 0.000000 0.000000 1.000000
0.961819 0.060795 0.266848 -0.945972 -0.076231 0.995941 0.047867 78.642921 -0.262855 -0.066381 0.962549 1.731950 0.000000 0.000000 0.000000 1.000000
0.957263 0.059430 0.283046 -0.716864 -0.076681 0.995788 0.050255 78.636169 -0.278867 -0.069811 0.957789 1.541197 0.000000 0.000000 0.000000 1.000000
0.953093 0.058966 0.296878 -0.482116 -0.077630 0.995653 0.051464 78.629845 -0.292553 -0.072097 0.953528 1.316805 0.000000 0.000000 0.000000 1.000000
0.949349 0.059380 0.308561 -0.240552 -0.079148 0.995509 0.051937 78.624252 -0.304091 -0.073729 0.949786 1.070427 0.000000 0.000000 0.000000 1.000000
0.945931 0.060360 0.318702 0.005456 -0.081145 0.995327 0.052336 78.618408 -0.314054 -0.075368 0.946409 0.812495 0.000000 0.000000 0.000000 1.000000
0.942757 0.061520 0.327756 0.249905 -0.083399 0.995100 0.053107 78.609856 -0.322883 -0.077402 0.943269 0.551180 0.000000 0.000000 0.000000 1.000000
0.939786 0.062479 0.336003 0.485673 -0.085569 0.994849 0.054341 78.596436 -0.330877 -0.079820 0.940292 0.296320 0.000000 0.000000 0.000000 1.000000
0.936941 0.062872 0.343786 0.707936 -0.087239 0.994620 0.055859 78.578445 -0.338424 -0.082328 0.937385 0.059867 0.000000 0.000000 0.000000 1.000000
0.934059 0.062403 0.351624 0.916252 -0.088047 0.994461 0.057403 78.559624 -0.346094 -0.084577 0.934380 -0.148327 0.000000 0.000000 0.000000 1.000000
0.930948 0.060997 0.360022 1.114240 -0.087903 0.994391 0.058824 78.545624 -0.354415 -0.086409 0.931087 -0.324348 0.000000 0.000000 0.000000 1.000000
0.927511 0.058965 0.369117 1.306971 -0.087158 0.994376 0.060163 78.541634 -0.363494 -0.087973 0.927434 -0.470230 0.000000 0.000000 0.000000 1.000000
0.923854 0.056924 0.378487 1.497319 -0.086493 0.994348 0.061574 78.550232 -0.372843 -0.089622 0.923556 -0.591622 0.000000 0.000000 0.000000 1.000000
0.920252 0.055467 0.387375 1.683757 -0.086512 0.994247 0.063156 78.570465 -0.381644 -0.091632 0.919756 -0.695741 0.000000 0.000000 0.000000 1.000000
0.916986 0.054793 0.395138 1.860727 -0.087333 0.994068 0.064827 78.597733 -0.389242 -0.093954 0.916332 -0.790177 0.000000 0.000000 0.000000 1.000000
0.914192 0.054641 0.401582 2.022238 -0.088549 0.993859 0.066351 78.624916 -0.395490 -0.096218 0.913416 -0.881972 0.000000 0.000000 0.000000 1.000000
0.911849 0.054586 0.406880 2.165896 -0.089603 0.993688 0.067496 78.645180 -0.400628 -0.098004 0.910984 -0.976522 0.000000 0.000000 0.000000 1.000000
0.909884 0.054413 0.411280 2.294017 -0.090236 0.993584 0.068177 78.655724 -0.404931 -0.099146 0.908956 -1.076592 0.000000 0.000000 0.000000 1.000000
0.908247 0.054229 0.414906 2.410933 -0.090607 0.993529 0.068485 78.659538 -0.408508 -0.099795 0.907283 -1.181784 0.000000 0.000000 0.000000 1.000000
0.906909 0.054292 0.417813 2.519583 -0.091071 0.993480 0.068583 78.662598 -0.411365 -0.100249 0.905941 -1.288722 0.000000 0.000000 0.000000 1.000000
0.905834 0.054770 0.420078 2.620667 -0.091868 0.993407 0.068577 78.668678 -0.413552 -0.100711 0.904893 -1.392114 0.000000 0.000000 0.000000 1.000000
0.904999 0.055626 0.421761 2.714338 -0.092971 0.993311 0.068485 78.675400 -0.415131 -0.101191 0.904117 -1.486392 0.000000 0.000000 0.000000 1.000000
0.904476 0.056659 0.422745 2.801522 -0.094141 0.993213 0.068302 78.676163 -0.416006 -0.101575 0.903671 -1.566693 0.000000 0.000000 0.000000 1.000000
0.904432 0.057625 0.422707 2.883202 -0.095096 0.993137 0.068080 78.666023 -0.415883 -0.101771 0.903706 -1.628621 0.000000 0.000000 0.000000 1.000000
0.905037 0.058389 0.421307 2.958601 -0.095692 0.993090 0.067930 78.646713 -0.414430 -0.101795 0.904370 -1.667243 0.000000 0.000000 0.000000 1.000000
0.906321 0.059019 0.418449 3.025177 -0.096034 0.993057 0.067936 78.626274 -0.411534 -0.101757 0.905696 -1.676907 0.000000 0.000000 0.000000 1.000000
0.908144 0.059783 0.414367 3.079916 -0.096423 0.993011 0.068059 78.613991 -0.407402 -0.101762 0.907562 -1.652736 0.000000 0.000000 0.000000 1.000000
0.910291 0.060997 0.409451 3.120577 -0.097174 0.992934 0.068117 78.614609 -0.402402 -0.101794 0.909786 -1.592997 0.000000 0.000000 0.000000 1.000000
0.912615 0.062850 0.403960 3.146213 -0.098414 0.992829 0.067866 78.626831 -0.396798 -0.101691 0.912256 -1.500504 0.000000 0.000000 0.000000 1.000000
0.915125 0.065305 0.397846 3.157052 -0.100034 0.992716 0.067149 78.645821 -0.390562 -0.101248 0.914992 -1.382221 0.000000 0.000000 0.000000 1.000000
0.917954 0.068164 0.390786 3.154680 -0.101811 0.992611 0.066017 78.667969 -0.383398 -0.100387 0.918111 -1.247563 0.000000 0.000000 0.000000 1.000000
0.921257 0.071211 0.382380 3.141318 -0.103579 0.992514 0.064712 78.693550 -0.374909 -0.099223 0.921736 -1.106718 0.000000 0.000000 0.000000 1.000000
0.925108 0.074317 0.372360 3.118610 -0.105286 0.992412 0.063509 78.725471 -0.364814 -0.097957 0.925913 -0.969633 0.000000 0.000000 0.000000 1.000000
0.929460 0.077441 0.360703 3.087370 -0.106941 0.992298 0.062523 78.765511 -0.353083 -0.096687 0.930583 -0.845125 0.000000 0.000000 0.000000 1.000000
0.934178 0.080564 0.347593 3.048867 -0.108507 0.992182 0.061655 78.810310 -0.339908 -0.095313 0.935616 -0.739696 0.000000 0.000000 0.000000 1.000000
0.939125 0.083601 0.333251 3.006261 -0.109861 0.992091 0.060714 78.851845 -0.325539 -0.093629 0.940881 -0.656410 0.000000 0.000000 0.000000 1.000000
0.944227 0.086394 0.317761 2.964009 -0.110828 0.992051 0.059604 78.881050 -0.310086 -0.091497 0.946296 -0.594737 0.000000 0.000000 0.000000 1.000000
0.949466 0.088773 0.301053 2.925806 -0.111276 0.992072 0.058408 78.892807 -0.293481 -0.088956 0.951817 -0.551591 0.000000 0.000000 0.000000 1.000000
0.954803 0.090668 0.283074 2.893188 -0.111209 0.992142 0.057323 78.888657 -0.275652 -0.086212 0.957384 -0.523274 0.000000 0.000000 0.000000 1.000000
0.960097 0.092157 0.264048 2.866545 -0.110796 0.992233 0.056558 78.875107 -0.256785 -0.083556 0.962850 -0.508597 0.000000 0.000000 0.000000 1.000000
0.965113 0.093449 0.244592 2.846274 -0.110304 0.992313 0.056115 78.859283 -0.237468 -0.081137 0.968001 -0.504512 0.000000 0.000000 0.000000 1.000000
0.969599 0.094752 0.225611 2.832821 -0.109972 0.992364 0.055850 78.845558 -0.218596 -0.078963 0.972615 -0.508544 0.000000 0.000000 0.000000 1.000000
0.973401 0.096146 0.207957 2.825270 -0.109894 0.992388 0.055577 78.835068 -0.201030 -0.076952 0.976558 -0.520377 0.000000 0.000000 0.000000 1.000000
0.976516 0.097548 0.192094 2.821105 -0.109990 0.992399 0.055186 78.826805 -0.185250 -0.075018 0.979824 -0.542198 0.000000 0.000000 0.000000 1.000000
0.979058 0.098801 0.177999 2.817572 -0.110092 0.992416 0.054692 78.818771 -0.171246 -0.073143 0.982510 -0.576951 0.000000 0.000000 0.000000 1.000000
0.981171 0.099792 0.165364 2.813400 -0.110074 0.992445 0.054200 78.808861 -0.158706 -0.071382 0.984742 -0.624977 0.000000 0.000000 0.000000 1.000000
0.982952 0.100537 0.153939 2.809626 -0.109939 0.992480 0.053815 78.795326 -0.147371 -0.069821 0.986614 -0.681681 0.000000 0.000000 0.000000 1.000000
0.984434 0.101127 0.143745 2.809357 -0.109777 0.992513 0.053551 78.778030 -0.137254 -0.068497 0.988165 -0.738620 0.000000 0.000000 0.000000 1.000000
0.985614 0.101653 0.135024 2.816134 -0.109670 0.992537 0.053314 78.759529 -0.128597 -0.067356 0.989407 -0.787206 0.000000 0.000000 0.000000 1.000000
0.986501 0.102161 0.127979 2.831795 -0.109661 0.992556 0.052979 78.744804 -0.121614 -0.066298 0.990361 -0.822185 0.000000 0.000000 0.000000 1.000000
0.987138 0.102697 0.122526 2.855376 -0.109778 0.992569 0.052494 78.739319 -0.116224 -0.065269 0.991076 -0.842641 0.000000 0.000000 0.000000 1.000000
0.987598 0.103329 0.118210 2.883867 -0.110064 0.992567 0.051924 78.746384 -0.111966 -0.064291 0.991630 -0.850803 0.000000 0.000000 0.000000 1.000000
0.987974 0.104081 0.114342 2.914534 -0.110508 0.992547 0.051370 78.765213 -0.108143 -0.063388 0.992112 -0.850359 0.000000 0.000000 0.000000 1.000000
0.988361 0.104849 0.110220 2.946111 -0.110959 0.992524 0.050827 78.791084 -0.104067 -0.062466 0.992607 -0.845255 0.000000 0.000000 0.000000 1.000000
0.988836 0.105424 0.105307 2.978013 -0.111158 0.992537 0.050139 78.816986 -0.099235 -0.061285 0.993175 -0.839160 0.000000 0.000000 0.000000 1.000000
0.989435 0.105658 0.099270 3.008902 -0.110924 0.992615 0.049096 78.836731 -0.093349 -0.059589 0.993849 -0.835188 0.000000 0.000000 0.000000 1.000000
0.990150 0.105602 0.091930 3.037047 -0.110301 0.992757 0.047616 78.847717 -0.086236 -0.057286 0.994626 -0.835875 0.000000 0.000000 0.000000 1.000000
0.990935 0.105455 0.083228 3.061747 -0.109515 0.992929 0.045815 78.851814 -0.077808 -0.054514 0.995477 -0.843055 0.000000 0.000000 0.000000 1.000000
0.991732 0.105369 0.073246 3.083682 -0.108759 0.993097 0.043933 78.854301 -0.068111 -0.051536 0.996346 -0.857496 0.000000 0.000000 0.000000 1.000000
0.992490 0.105320 0.062225 3.103306 -0.108044 0.993251 0.042169 78.860893 -0.057363 -0.048575 0.997171 -0.878514 0.000000 0.000000 0.000000 1.000000
0.993170 0.105178 0.050503 3.119524 -0.107266 0.993402 0.040567 78.874710 -0.045903 -0.045707 0.997900 -0.904252 0.000000 0.000000 0.000000 1.000000
0.993740 0.104913 0.038396 3.130773 -0.106402 0.993557 0.039029 78.894974 -0.034054 -0.042870 0.998500 -0.932891 0.000000 0.000000 0.000000 1.000000
0.994166 0.104641 0.026155 3.137117 -0.105577 0.993708 0.037403 78.917366 -0.022076 -0.039946 0.998958 -0.964170 0.000000 0.000000 0.000000 1.000000
0.994430 0.104461 0.014042 3.140667 -0.104902 0.993846 0.035588 78.935921 -0.010238 -0.036863 0.999268 -0.999646 0.000000 0.000000 0.000000 1.000000
0.994545 0.104278 0.002429 3.143985 -0.104300 0.993978 0.033605 78.945236 0.001090 -0.033675 0.999432 -1.041039 0.000000 0.000000 0.000000 1.000000
0.994560 0.103839 -0.008255 3.148644 -0.103531 0.994124 0.031610 78.942467 0.011489 -0.030584 0.999466 -1.087469 0.000000 0.000000 0.000000 1.000000
0.994525 0.102990 -0.017694 3.156053 -0.102435 0.994292 0.029847 78.928474 0.020667 -0.027871 0.999398 -1.133585 0.000000 0.000000 0.000000 1.000000
0.994462 0.101883 -0.025791 3.168662 -0.101143 0.994463 0.028537 78.907684 0.028556 -0.025770 0.999260 -1.170375 0.000000 0.000000 0.000000 1.000000
0.994363 0.100890 -0.032606 3.189217 -0.100002 0.994599 0.027790 78.886230 0.035233 -0.024372 0.999082 -1.188473 0.000000 0.000000 0.000000 1.000000
0.994224 0.100297 -0.038210 3.218238 -0.099283 0.994677 0.027582 78.869247 0.040773 -0.023629 0.998889 -1.181806 0.000000 0.000000 0.000000 1.000000
0.994062 0.100103 -0.042671 3.253508 -0.098973 0.994701 0.027817 78.858742 0.045230 -0.023428 0.998702 -1.148905 0.000000 0.000000 0.000000 1.000000
0.993909 0.100080 -0.046146 3.292057 -0.098841 0.994698 0.028400 78.853378 0.048743 -0.023666 0.998531 -1.091161 0.000000 0.000000 0.000000 1.000000
0.993782 0.100019 -0.048916 3.332256 -0.098669 0.994690 0.029266 78.849960 0.051583 -0.024258 0.998374 -1.009927 0.000000 0.000000 0.000000 1.000000
0.993677 0.099886 -0.051279 3.373806 -0.098420 0.994682 0.030353 78.846184 0.054038 -0.025115 0.998223 -0.905091 0.000000 0.000000 0.000000 1.000000
0.993574 0.099787 -0.053412 3.415617 -0.098198 0.994665 0.031590 78.842194 0.056279 -0.026142 0.998073 -0.776046 0.000000 0.000000 0.000000 1.000000
0.993463 0.099819 -0.055381 3.454706 -0.098102 0.994632 0.032897 78.840355 0.058368 -0.027249 0.997923 -0.623554 0.000000 0.000000 0.000000 1.000000
0.993341 0.099958 -0.057287 3.487536 -0.098111 0.994588 0.034203 78.843307 0.060396 -0.028355 0.997772 -0.450560 0.000000 0.000000 0.000000 1.000000
0.993209 0.100082 -0.059317 3.511925 -0.098100 0.994545 0.035435 78.851654 0.062540 -0.029375 0.997610 -0.261449 0.000000 0.000000 0.000000 1.000000
0.993072 0.100048 -0.061626 3.527614 -0.097927 0.994523 0.036521 78.862946 0.064943 -0.030233 0.997431 -0.060796 0.000000 0.000000 0.000000 1.000000
0.992935 0.099795 -0.064190 3.535555 -0.097535 0.994528 0.037425 78.872856 0.067574 -0.030900 0.997236 0.147308 0.000000 0.000000 0.000000 1.000000
0.992799 0.099401 -0.066853 3.536932 -0.097006 0.994551 0.038181 78.877762 0.070283 -0.031421 0.997032 0.359207 0.000000 0.000000 0.000000 1.000000
0.992648 0.099072 -0.069527 3.532632 -0.096540 0.994569 0.038884 78.876831 0.073001 -0.031886 0.996822 0.571549 0.000000 0.000000 0.000000 1.000000
0.992451 0.099060 -0.072308 3.523057 -0.096382 0.994555 0.039634 78.872299 0.075840 -0.032365 0.996595 0.781646 0.000000 0.000000 0.000000 1.000000
0.992177 0.099547 -0.075339 3.507650 -0.096706 0.994490 0.040468 78.867599 0.078953 -0.032866 0.996336 0.988050 0.000000 0.000000 0.000000 1.000000
0.991823 0.100561 -0.078582 3.485331 -0.097544 0.994372 0.041347 78.865166 0.082298 -0.033344 0.996050 1.190577 0.000000 0.000000 0.000000 1.000000
0.991421 0.101978 -0.081761 3.455628 -0.098786 0.994214 0.042197 78.865166 0.085591 -0.033759 0.995758 1.389363 0.000000 0.000000 0.000000 1.000000
0.991020 0.103598 -0.084543 3.419811 -0.100247 0.994034 0.042974 78.865875 0.088491 -0.034113 0.995493 1.583793 0.000000 0.000000 0.000000 1.000000
0.990653 0.105243 -0.086779 3.380569 -0.101755 0.993849 0.043693 78.865311 0.090843 -0.034454 0.995269 1.772467 0.000000 0.000000 0.000000 1.000000
0.990327 0.106814 -0.088561 3.340760 -0.103203 0.993668 0.044413 78.862839 0.092744 -0.034844 0.995080 1.954182 0.000000 0.000000 0.000000 1.000000
0.990030 0.108277 -0.090088 3.302531 -0.104544 0.993493 0.045186 78.860146 0.094394 -0.035317 0.994908 2.128627 0.000000 0.000000 0.000000 1.000000
0.989756 0.109617 -0.091477 3.267608 -0.105760 0.993327 0.046013 78.860863 0.095910 -0.035867 0.994744 2.295609 0.000000 0.000000 0.000000 1.000000
0.989510 0.110808 -0.092687 3.237576 -0.106830 0.993173 0.046851 78.868828 0.097246 -0.036458 0.994592 2.453510 0.000000 0.000000 0.000000 1.000000
0.989311 0.111810 -0.093605 3.213563 -0.107723 0.993039 0.047640 78.885750 0.098280 -0.037048 0.994469 2.598632 0.000000 0.000000 0.000000 1.000000
0.989168 0.112584 -0.094189 3.195515 -0.108411 0.992931 0.048327 78.909653 0.098964 -0.037593 0.994381 2.726538 0.000000 0.000000 0.000000 1.000000
0.989074 0.113097 -0.094562 3.182326 -0.108858 0.992856 0.048860 78.935059 0.099412 -0.038033 0.994319 2.834228 0.000000 0.000000 0.000000 1.000000
0.989009 0.113326 -0.094961 3.172668 -0.109039 0.992820 0.049190 78.955284 0.099853 -0.038295 0.994265 2.921541 0.000000 0.000000 0.000000 1.000000
0.988957 0.113270 -0.095571 3.165373 -0.108950 0.992824 0.049291 78.965332 0.100468 -0.038335 0.994201 2.990694 0.000000 0.000000 0.000000 1.000000
0.988910 0.112990 -0.096389 3.159533 -0.108647 0.992863 0.049190 78.964325 0.101259 -0.038172 0.994127 3.044831 0.000000 0.000000 0.000000 1.000000
0.988876 0.112586 -0.097208 3.154375 -0.108234 0.992919 0.048955 78.955078 0.102031 -0.037889 0.994059 3.086950 0.000000 0.000000 0.000000 1.000000
0.988874 0.112160 -0.097715 3.149299 -0.107818 0.992980 0.048650 78.941803 0.102485 -0.037573 0.994025 3.120172 0.000000 0.000000 0.000000 1.000000
0.988926 0.111764 -0.097646 3.143852 -0.107460 0.993036 0.048296 78.927864 0.102364 -0.037268 0.994049 3.148492 0.000000 0.000000 0.000000 1.000000
0.989037 0.111415 -0.096917 3.137510 -0.107181 0.993087 0.047863 78.915390 0.101580 -0.036951 0.994141 3.176583 0.000000 0.000000 0.000000 1.000000
0.989187 0.111133 -0.095695 3.129278 -0.107000 0.993133 0.047306 78.906174 0.100295 -0.036555 0.994286 3.208207 0.000000 0.000000 0.000000 1.000000
0.989333 0.110963 -0.094381 3.117838 -0.106949 0.993172 0.046595 78.902214 0.098907 -0.036004 0.994445 3.244765 0.000000 0.000000 0.000000 1.000000
0.989422 0.110964 -0.093436 3.101388 -0.107068 0.993199 0.045741 78.905212 0.097876 -0.035253 0.994574 3.285539 0.000000 0.000000 0.000000 1.000000
0.989426 0.111166 -0.093162 3.078289 -0.107373 0.993209 0.044793 78.915230 0.097509 -0.034316 0.994643 3.329391 0.000000 0.000000 0.000000 1.000000
0.989344 0.111548 -0.093573 3.047565 -0.107840 0.993202 0.043813 78.930618 0.097824 -0.033255 0.994648 3.375767 0.000000 0.000000 0.000000 1.000000
0.989201 0.112059 -0.094468 3.009844 -0.108418 0.993182 0.042843 78.949158 0.098625 -0.032138 0.994606 3.423613 0.000000 0.000000 0.000000 1.000000
0.989026 0.112628 -0.095616 2.967537 -0.109050 0.993154 0.041873 78.969543 0.099678 -0.030986 0.994537 3.469390 0.000000 0.000000 0.000000 1.000000
0.988840 0.113189 -0.096869 2.924100 -0.109678 0.993127 0.040853 78.991020 0.100827 -0.029773 0.994458 3.506708 0.000000 0.000000 0.000000 1.000000
0.988659 0.113656 -0.098164 2.882949 -0.110224 0.993112 0.039731 79.012115 0.102003 -0.028460 0.994377 3.528549 0.000000 0.000000 0.000000 1.000000
0.988500 0.113899 -0.099471 2.846488 -0.110561 0.993125 0.038469 79.029381 0.103169 -0.027029 0.994297 3.530311 0.000000 0.000000 0.000000 1.000000
0.988386 0.113743 -0.100777 2.815780 -0.110519 0.993184 0.037038 79.038406 0.104302 -0.025470 0.994219 3.511510 0.000000 0.000000 0.000000 1.000000
0.988331 0.113051 -0.102084 2.790559 -0.109964 0.993305 0.035392 79.036827 0.105402 -0.023754 0.994146 3.475741 0.000000 0.000000 0.000000 1.000000
0.988332 0.111802 -0.103437 2.769659 -0.108882 0.993491 0.033480 79.026360 0.106507 -0.021827 0.994072 3.429261 0.000000 0.000000 0.000000 1.000000
0.988358 0.110108 -0.105001 2.750885 -0.107387 0.993726 0.031239 79.012039 0.107782 -0.019599 0.993981 3.377686 0.000000 0.000000 0.000000 1.000000
0.988349 0.108118 -0.107133 2.730123 -0.105634 0.993993 0.028611 78.999809 0.109583 -0.016961 0.993833 3.321509 0.000000 0.000000 0.000000 1.000000
0.988259 0.105967 -0.110065 2.701196 -0.103747 0.994271 0.025723 78.994034 0.112160 -0.014003 0.993592 3.256480 0.000000 0.000000 0.000000 1.000000
0.988137 0.103819 -0.113169 2.659847 -0.101845 0.994532 0.023099 78.995461 0.114948 -0.011299 0.993307 3.183252 0.000000 0.000000 0.000000 1.000000
0.988141 0.101875 -0.114884 2.607997 -0.100075 0.994751 0.021347 79.000793 0.116456 -0.009596 0.993150 3.114548 0.000000 0.000000 0.000000 1.000000
0.988410 0.100277 -0.113979 2.553000 -0.098594 0.994920 0.020315 79.003845 0.115437 -0.008842 0.993275 3.062346 0.000000 0.000000 0.000000 1.000000
0.988889 0.099291 -0.110636 2.504907 -0.097759 0.995025 0.019193 79.000168 0.111991 -0.008164 0.993676 3.029266 0.000000 0.000000 0.000000 1.000000
0.989390 0.099344 -0.106008 2.473656 -0.098037 0.995029 0.017487 78.989799 0.107218 -0.006909 0.994212 3.012678 0.000000 0.000000 0.000000 1.000000
0.989811 0.100482 -0.100886 2.464407 -0.099425 0.994925 0.015467 78.977051 0.101928 -0.005279 0.994778 3.013225 0.000000 0.000000 0.000000 1.000000
0.990255 0.101945 -0.094883 2.474838 -0.101118 0.994783 0.013502 78.968452 0.095764 -0.003777 0.995397 3.033163 0.000000 0.000000 0.000000 1.000000
0.990920 0.102638 -0.086852 2.500441 -0.102031 0.994716 0.011420 78.969849 0.087565 -0.002455 0.996156 3.065651 0.000000 0.000000 0.000000 1.000000
0.991878 0.101974 -0.076026 2.543010 -0.101597 0.994787 0.008815 78.984024 0.076528 -0.001020 0.997067 3.091567 0.000000 0.000000 0.000000 1.000000
0.993010 0.100059 -0.062608 2.611075 -0.099903 0.994981 0.005625 79.008476 0.062857 0.000669 0.998022 3.091777 0.000000 0.000000 0.000000 1.000000
0.994126 0.097258 -0.047490 2.710968 -0.097267 0.995256 0.002139 79.035324 0.047472 0.002493 0.998869 3.062228 0.000000 0.000000 0.000000 1.000000
0.995060 0.093977 -0.031986 2.839011 -0.094063 0.995566 -0.001183 79.055733 0.031733 0.004186 0.999488 3.015551 0.000000 0.000000 0.000000 1.000000
0.995713 0.090781 -0.017744 2.981827 -0.090859 0.995857 -0.003659 79.066505 0.017339 0.005256 0.999836 2.969106 0.000000 0.000000 0.000000 1.000000
0.996080 0.088258 -0.005938 3.121889 -0.088285 0.996085 -0.004564 79.071342 0.005512 0.005070 0.999972 2.932701 0.000000 0.000000 0.000000 1.000000
0.996231 0.086656 0.003760 3.242857 -0.086642 0.996233 -0.003630 79.074989 -0.004060 0.003291 0.999986 2.906437 0.000000 0.000000 0.000000 1.000000
0.996233 0.085763 0.012843 3.333582 -0.085756 0.996316 -0.001151 79.077690 -0.012894 0.000045 0.999917 2.886888 0.000000 0.000000 0.000000 1.000000
0.996119 0.085068 0.022603 3.388577 -0.085145 0.996366 0.002451 79.075348 -0.022312 -0.004366 0.999742 2.871845 0.000000 0.000000 0.000000 1.000000
0.995898 0.084050 0.033509 3.404520 -0.084324 0.996415 0.006848 79.063805 -0.032813 -0.009645 0.999415 2.858564 0.000000 0.000000 0.000000 1.000000
0.995548 0.082559 0.045467 3.376957 -0.083167 0.996468 0.011634 79.041466 -0.044346 -0.015363 0.998898 2.839877 0.000000 0.000000 0.000000 1.000000
0.995048 0.080901 0.057753 3.301865 -0.081969 0.996501 0.016355 79.009163 -0.056227 -0.021008 0.998197 2.803482 0.000000 0.000000 0.000000 1.000000
0.994478 0.079298 0.068745 3.180704 -0.080896 0.996506 0.020771 78.968422 -0.066858 -0.026218 0.997418 2.733802 0.000000 0.000000 0.000000 1.000000
0.994047 0.077492 0.076586 3.023630 -0.079592 0.996520 0.024745 78.922508 -0.074402 -0.030694 0.996756 2.616462 0.000000 0.000000 0.000000 1.000000
0.993905 0.075325 0.080491 2.845352 -0.077781 0.996582 0.027815 78.878738 -0.078121 -0.033906 0.996367 2.448342 0.000000 0.000000 0.000000 1.000000
0.993994 0.073372 0.081198 2.655852 -0.075958 0.996683 0.029221 78.847397 -0.078785 -0.035213 0.996270 2.247207 0.000000 0.000000 0.000000 1.000000
0.994147 0.072483 0.080112 2.456657 -0.074975 0.996777 0.028546 78.834366 -0.077784 -0.034385 0.996377 2.046726 0.000000 0.000000 0.000000 1.000000
0.994256 0.072988 0.078280 2.245149 -0.075237 0.996822 0.026170 78.835175 -0.076122 -0.031909 0.996588 1.877651 0.000000 0.000000 0.000000 1.000000
0.994301 0.074696 0.076069 2.019860 -0.076647 0.996791 0.023065 78.839302 -0.074102 -0.028764 0.996836 1.754052 0.000000 0.000000 0.000000 1.000000
0.994311 0.077360 0.073221 1.783874 -0.079036 0.996666 0.020276 78.841042 -0.071409 -0.025948 0.997110 1.674719 0.000000 0.000000 0.000000 1.000000
0.994341 0.080727 0.069059 1.545671 -0.082184 0.996445 0.018521 78.842506 -0.067319 -0.024092 0.997441 1.630538 0.000000 0.000000 0.000000 1.000000
0.994433 0.084337 0.063174 1.315547 -0.085626 0.996165 0.017973 78.846779 -0.061416 -0.023283 0.997841 1.609081 0.000000 0.000000 0.000000 1.000000
0.994568 0.087587 0.056242 1.101453 -0.088736 0.995888 0.018270 78.852242 -0.054411 -0.023162 0.998250 1.597207 0.000000 0.000000 0.000000 1.000000
0.994696 0.090015 0.049776 0.909761 -0.091042 0.995670 0.018764 78.855354 -0.047872 -0.023196 0.998584 1.583070 0.000000 0.000000 0.000000 1.000000
0.994794 0.091503 0.044861 0.746813 -0.092423 0.995541 0.018887 78.854790 -0.042933 -0.022935 0.998815 1.557537 0.000000 0.000000 0.000000 1.000000
0.994870 0.092263 0.041479 0.613891 -0.093090 0.995486 0.018466 78.849747 -0.039589 -0.022232 0.998969 1.516031 0.000000 0.000000 0.000000 1.000000
0.994932 0.092654 0.039049 0.503532 -0.093402 0.995470 0.017787 78.838524 -0.037224 -0.021344 0.999079 1.459797 0.000000 0.000000 0.000000 1.000000
0.994978 0.092975 0.037080 0.404885 -0.093664 0.995454 0.017279 78.821198 -0.035305 -0.020665 0.999163 1.394015 0.000000 0.000000 0.000000 1.000000
0.995008 0.093368 0.035236 0.312077 -0.094011 0.995425 0.017062 78.802902 -0.033482 -0.020290 0.999233 1.323361 0.000000 0.000000 0.000000 1.000000
